4
13
26
34
36
90
104
105
109
110
114
121
135
152
171
174
182
184
184
201
245
246
248
262
269
282
283
307
313
314
324
326
328
340
346
356
357
359
378
387
403
415
418
424
435
440
461
478
480
496
537
540
541
558
561
577
579
579
581
582
618
628
635
665
691
696
697
699
702
707
713
714
730
735
758
770
782
792
802
826
835
837
851
853
859
865
867
900
916
919
922
939
957
994
994
1023
1032
1035
1041
1054
1093
1096
1097
1099
1147
1181
1188
1191
1205
1226
1226
1246
1259
1271
1294
1307
1316
1320
1327
1334
1335
1336
1347
1350
1358
1360
1369
1370
1374
1380
1389
1395
1426
1438
1455
1470
1472
1503
1526
1530
1578
1587
1594
1607
1611
1616
1620
1623
1624
1640
1657
1691
1692
1697
1700
1701
1703
1714
1718
1720
1723
1724
1724
1754
1767
1777
1785
1794
1800
1845
1846
1853
1855
1855
1857
1858
1858
1868
1875
1877
1880
1883
1888
1894
1899
1914
1916
1923
1926
1956
1961
1968
1997
1997
2003
2015
2030
2042
2053
2060
2081
2096
2112
2116
2135
2137
2141
2151
2171
2171
2172
2183
2187
2194
2197
2214
2228
2232
2234
2241
2249
2268
2285
2288
2293
2314
2318
2319
2320
2322
2329
2331
2331
2356
2368
2375
2380
2380
2388
2410
2411
2411
2442
2447
2450
2469
2479
2484
2490
2505
2506
2513
2526
2544
2549
2556
2559
2561
2564
2567
2586
2590
2602
2612
2620
2623
2641
2683
2688
2699
2725
2730
2737
2748
2752
2753
2757
2757
2769
2776
2785
2787
2802
2807
2812
2846
2864
2879
2883
2897
2913
2915
2926
2946
2959
2967
2970
2977
3006
3012
3024
3028
3044
3052
3072
3075
3078
3082
3108
3118
3119
3130
3132
3145
3151
3164
3167
3203
3204
3206
3207
3215
3222
3246
3247
3276
3279
3304
3305
3306
3324
3328
3335
3338
3350
3367
3367
3368
3375
3377
3382
3385
3385
3385
3389
3395
3442
3445
3446
3471
3507
3522
3523
3534
3552
3569
3572
3574
3577
3588
3593
3596
3600
3617
3623
3641
3653
3659
3669
3671
3679
3687
3689
3693
3719
3725
3728
3742
3754
3790
3811
3834
3835
3837
3853
3858
3863
3872
3876
3876
3879
3907
3915
3922
3923
3935
3951
3951
3961
3974
3978
3985
4006
4037
4046
4053
4063
4067
4069
4087
4097
4139
4142
4159
4163
4169
4229
4233
4243
4249
4255
4267
4270
4277
4296
4305
4321
4356
4391
4396
4397
4410
4415
4424
4463
4466
4481
4510
4518
4520
4524
4524
4535
4539
4547
4563
4563
4585
4586
4636
4640
4654
4656
4660
4676
4682
4693
4698
4701
4708
4721
4740
4763
4793
4800
4802
4812
4816
4854
4855
4856
4879
4886
4895
4897
4914
4923
4924
4945
4959
4966
4967
4969
4972
4973
4987
4999
5022
5024
5026
5039
5043
5055
5075
5076
5079
5079
5087
5088
5095
5107
5119
5121
5126
5137
5154
5165
5195
5202
5210
5224
5288
5312
5322
5322
5334
5342
5365
5370
5372
5407
5430
5431
5434
5434
5440
5453
5468
5471
5496
5507
5516
5516
5518
5521
5525
5536
5542
5548
5557
5580
5589
5612
5615
5668
5681
5682
5685
5721
5723
5736
5756
5783
5790
5802
5814
5815
5818
5829
5865
5867
5874
5889
5912
5915
5924
5939
5943
5943
5946
5948
5956
5959
5959
5963
5971
5976
5994
5999
6003
6013
6014
6014
6031
6035
6047
6053
6055
6057
6074
6079
6096
6097
6111
6129
6144
6144
6148
6160
6164
6182
6187
6191
6199
6213
6223
6229
6256
6258
6264
6266
6283
6283
6309
6310
6312
6314
6316
6324
6328
6332
6339
6342
6353
6361
6370
6379
6397
6397
6402
6410
6421
6451
6457
6459
6462
6462
6462
6464
6471
6495
6519
6524
6530
6539
6553
6563
6569
6575
6602
6614
6616
6619
6636
6641
6641
6645
6650
6651
6657
6659
6666
6671
6675
6681
6719
6737
6749
6773
6776
6784
6793
6796
6813
6818
6833
6839
6841
6849
6855
6859
6871
6905
6954
6955
6957
6959
6962
6982
6994
7008
7018
7025
7032
7044
7055
7064
7065
7076
7101
7102
7113
7139
7141
7181
7188
7198
7206
7213
7243
7249
7256
7271
7274
7277
7286
7292
7304
7315
7319
7319
7332
7343
7345
7360
7386
7387
7392
7411
7423
7425
7427
7438
7445
7457
7467
7486
7489
7497
7504
7517
7519
7521
7533
7542
7563
7566
7581
7589
7596
7642
7659
7662
7663
7667
7685
7691
7702
7704
7704
7705
7742
7747
7748
7776
7779
7788
7799
7799
7852
7870
7888
7896
7926
7930
7930
7938
7946
7953
7965
7965
7986
7989
8021
8023
8033
8037
8066
8078
8080
8097
8099
8102
8109
8119
8119
8124
8147
8165
8170
8171
8174
8174
8174
8177
8185
8188
8204
8233
8235
8244
8253
8259
8268
8276
8285
8285
8289
8348
8356
8371
8383
8396
8406
8434
8440
8449
8452
8471
8528
8528
8531
8556
8577
8597
8599
8600
8618
8639
8643
8648
8652
8668
8676
8689
8707
8717
8718
8749
8753
8756
8767
8797
8812
8813
8815
8817
8841
8859
8864
8873
8884
8885
8890
8897
8898
8911
8924
8942
8951
8977
8984
8986
8999
9018
9022
9027
9028
9033
9034
9053
9054
9071
9093
9094
9102
9111
9115
9126
9126
9144
9152
9177
9211
9214
9216
9231
9240
9262
9264
9264
9265
9277
9278
9304
9311
9315
9338
9360
9370
9389
9396
9398
9410
9417
9454
9463
9470
9493
9494
9496
9497
9501
9513
9549
9553
9556
9565
9571
9601
9603
9605
9613
9633
9636
9651
9667
9668
9678
9690
9694
9698
9700
9725
9726
9738
9739
9752
9763
9767
9767
9786
9787
9821
9830
9858
9862
9870
9870
9870
9870
9877
9903
9907
9928
9943
9948
9949
10002
10019
10020
10032
10032
10040
10044
10045
10060
10076
10083
10094
10096
10108
10110
10110
10117
10119
10125
10141
10142
10159
10164
10177
10190
10209
10211
10224
10225
10232
10235
10236
10240
10252
10258
10260
10268
10283
10308
10331
10334
10349
10350
10366
10373
10376
10382
10383
10386
10392
10392
10398
10408
10424
10426
10438
10455
10457
10461
10470
10473
10475
10476
10484
10519
10529
10532
10535
10538
10541
10554
10608
10613
10622
10624
10625
10646
10680
10697
10705
10709
10717
10724
10738
10743
10776
10793
10815
10816
10820
10849
10863
10878
10890
10894
10901
10907
10928
10950
10956
10957
10963
10977
10980
10984
10985
10989
10991
10998
11000
11018
11019
11025
11040
11066
11070
11073
11092
11112
11113
11113
11116
11117
11143
11145
11161
11172
11191
11202
11216
11216
11239
11248
11255
11264
11291
11332
11339
11347
11348
11361
11373
11375
11378
11384
11393
11396
11399
11420
11422
11423
11426
11438
11449
11462
11482
11505
11512
11512
11530
11530
11548
11566
11578
11581
11584
11587
11595
11599
11599
11602
11630
11634
11650
11651
11664
11669
11680
11692
11701
11713
11715
11715
11724
11724
11741
11757
11763
11772
11785
11791
11804
11807
11808
11814
11818
11831
11838
11843
11849
11874
11881
11884
11898
11898
11922
11946
11954
11972
11975
11992
11999
12048
12053
12065
12067
12107
12109
12129
12138
12171
12181
12190
12191
12196
12198
12202
12216
12219
12254
12286
12291
12332
12344
12347
12397
12397
12414
12417
12424
12425
12443
12462
12465
12470
12473
12475
12501
12504
12504
12517
12518
12521
12526
12539
12551
12556
12563
12568
12569
12573
12587
12592
12608
12615
12653
12655
12657
12660
12669
12690
12693
12702
12725
12743
12756
12764
12786
12794
12795
12815
12817
12818
12847
12863
12867
12872
12884
12886
12892
12895
12903
12921
12926
12928
12929
12932
12944
12946
12961
12987
12995
13000
13006
13023
13050
13069
13079
13090
13091
13091
13092
13095
13099
13102
13105
13108
13119
13141
13193
13193
13206
13212
13212
13219
13231
13232
13274
13281
13284
13294
13313
13320
13327
13337
13345
13384
13388
13394
13419
13421
13441
13445
13451
13464
13465
13475
13478
13480
13506
13510
13516
13520
13522
13526
13536
13539
13544
13556
13558
13559
13559
13568
13575
13587
13588
13593
13608
13608
13609
13636
13637
13652
13676
13705
13720
13723
13723
13739
13740
13767
13778
13783
13799
13802
13807
13816
13823
13842
13847
13859
13868
13868
13881
13894
13906
13907
13910
13919
13957
13985
14002
14015
14016
14041
14074
14075
14088
14090
14094
14104
14115
14122
14126
14153
14161
14162
14183
14205
14206
14209
14217
14219
14257
14264
14272
14284
14286
14295
14319
14319
14326
14329
14332
14342
14342
14345
14346
14358
14376
14384
14384
14386
14387
14389
14394
14419
14438
14448
14449
14450
14450
14457
14461
14474
14488
14489
14501
14553
14562
14605
14606
14606
14609
14652
14670
14675
14715
14755
14759
14784
14814
14819
14843
14843
14874
14888
14890
14891
14893
14894
14901
14913
14932
14937
14942
14954
14961
14969
14981
15000
15026
15033
15045
15047
15050
15051
15077
15086
15086
15086
15098
15117
15127
15169
15187
15189
15190
15193
15198
15198
15208
15209
15230
15239
15241
15248
15267
15271
15288
15323
15324
15330
15339
15346
15348
15354
15395
15397
15402
15405
15417
15420
15458
15463
15467
15479
15480
15485
15488
15489
15501
15545
15550
15557
15562
15562
15589
15596
15603
15606
15607
15614
15632
15635
15636
15682
15687
15688
15704
15717
15728
15731
15733
15750
15750
15765
15775
15790
15801
15804
15807
15840
15843
15851
15854
15857
15877
15881
15890
15900
15908
15911
15920
15950
15950
15951
15957
15971
15983
15991
16005
16056
16056
16070
16072
16089
16098
16100
16102
16126
16146
16147
16149
16156
16166
16167
16173
16175
16197
16197
16206
16217
16234
16238
16243
16244
16245
16250
16265
16273
16276
16277
16278
16281
16291
16294
16301
16328
16335
16354
16356
16370
16376
16378
16405
16409
16428
16435
16441
16476
16487
16495
16512
16517
16518
16522
16527
16532
16534
16536
16550
16555
16557
16563
16571
16579
16580
16584
16593
16600
16604
16613
16613
16625
16644
16655
16659
16670
16682
16688
16693
16707
16723
16744
16768
16779
16782
16792
16803
16805
16810
16811
16822
16823
16825
16840
16842
16849
16856
16863
16871
16895
16896
16911
16915
16921
16923
16928
16946
16948
16961
16994
16997
16998
17008
17041
17073
17084
17098
17102
17140
17140
17150
17154
17168
17181
17191
17193
17219
17220
17224
17226
17229
17243
17249
17256
17257
17259
17290
17292
17328
17346
17353
17356
17389
17396
17408
17412
17432
17452
17452
17480
17482
17485
17485
17495
17504
17520
17522
17528
17539
17548
17551
17560
17565
17566
17567
17581
17581
17591
17593
17613
17628
17632
17634
17651
17667
17686
17697
17700
17726
17742
17767
17775
17787
17797
17803
17806
17808
17811
17814
17820
17863
17873
17875
17897
17926
17936
17953
17966
17975
17980
17986
17997
17998
18007
18017
18020
18036
18041
18053
18058
18059
18070
18071
18071
18076
18093
18105
18116
18123
18130
18144
18147
18158
18161
18164
18192
18203
18243
18261
18263
18266
18272
18273
18287
18292
18318
18332
18334
18362
18368
18374
18401
18407
18407
18417
18417
18424
18434
18445
18448
18454
18461
18467
18474
18518
18524
18536
18547
18555
18566
18574
18577
18588
18608
18615
18623
18625
18628
18650
18655
18660
18674
18681
18681
18684
18686
18695
18695
18699
18706
18712
18722
18724
18731
18753
18759
18761
18771
18780
18793
18795
18800
18903
18903
18906
18906
18907
18921
18929
18953
18961
18995
19005
19020
19031
19040
19063
19067
19079
19083
19083
19096
19111
19122
19122
19146
19149
19150
19159
19160
19167
19171
19175
19184
19212
19215
19237
19245
19246
19284
19292
19295
19309
19320
19320
19330
19338
19341
19347
19378
19379
19387
19391
19403
19413
19457
19463
19470
19478
19502
19503
19504
19514
19530
19567
19581
19585
19594
19605
19606
19621
19622
19626
19629
19653
19656
19695
19697
19729
19749
19754
19761
19762
19764
19770
19775
19790
19826
19835
19848
19876
19904
19906
19924
19940
19953
19955
19963
19972
19979
19996
19999
20001
20009
20012
20021
20026
20037
20043
20044
20049
20050
20054
20063
20064
20065
20066
20075
20081
20089
20104
20118
20118
20127
20130
20142
20148
20152
20158
20160
20197
20203
20231
20235
20242
20245
20254
20262
20267
20276
20291
20294
20302
20310
20320
20342
20343
20351
20352
20354
20362
20364
20381
20389
20433
20446
20448
20449
20454
20464
20471
20478
20493
20500
20505
20507
20511
20515
20519
20523
20527
20530
20530
20544
20562
20571
20572
20575
20592
20613
20622
20629
20668
20689
20694
20695
20704
20753
20755
20756
20757
20766
20769
20771
20787
20790
20797
20807
20823
20826
20831
20841
20842
20846
20846
20847
20851
20857
20865
20892
20895
20897
20908
20915
20925
20930
20938
20944
20957
20961
20969
20990
21024
21036
21053
21066
21093
21093
21105
21114
21120
21140
21153
21198
21201
21202
21212
21244
21248
21251
21273
21291
21301
21309
21319
21322
21324
21325
21329
21344
21359
21361
21372
21373
21376
21376
21379
21415
21454
21469
21493
21493
21525
21545
21563
21570
21591
21627
21646
21647
21661
21678
21709
21711
21729
21747
21755
21779
21780
21796
21811
21811
21818
21823
21828
21838
21843
21848
21863
21877
21878
21888
21891
21902
21916
21925
21939
21948
21968
21982
21983
21983
21987
22006
22009
22010
22019
22023
22023
22037
22046
22055
22091
22095
22116
22153
22156
22176
22178
22179
22195
22210
22218
22222
22228
22235
22238
22240
22250
22263
22284
22291
22297
22327
22339
22346
22355
22361
22388
22390
22390
22395
22403
22405
22413
22418
22438
22448
22472
22478
22493
22501
22516
22519
22523
22529
22540
22545
22549
22552
22582
22583
22589
22609
22625
22626
22627
22634
22647
22657
22677
22678
22696
22708
22708
22711
22725
22727
22735
22771
22775
22810
22810
22813
22823
22826
22826
22829
22832
22843
22843
22877
22882
22894
22905
22918
22941
22977
23015
23021
23038
23045
23058
23061
23070
23070
23123
23125
23135
23160
23169
23180
23201
23202
23203
23228
23228
23229
23236
23236
23261
23261
23276
23276
23279
23289
23294
23296
23303
23313
23318
23344
23346
23369
23378
23381
23394
23399
23402
23422
23459
23465
23465
23475
23486
23501
23511
23519
23535
23536
23540
23560
23587
23591
23595
23597
23602
23616
23646
23647
23671
23679
23683
23683
23690
23693
23720
23723
23731
23748
23750
23750
23750
23755
23756
23791
23797
23798
23808
23810
23814
23818
23829
23830
23834
23838
23882
23883
23909
23909
23939
23944
23964
23970
23971
23978
23982
23984
24011
24018
24024
24029
24034
24050
24066
24077
24085
24098
24100
24101
24105
24106
24133
24134
24137
24140
24144
24148
24153
24175
24175
24189
24216
24216
24217
24229
24246
24255
24256
24258
24262
24263
24279
24304
24314
24316
24316
24327
24329
24363
24376
24391
24396
24416
24426
24449
24450
24454
24455
24507
24513
24515
24533
24551
24552
24555
24557
24558
24564
24570
24611
24617
24624
24629
24632
24637
24640
24644
24644
24644
24650
24656
24672
24684
24718
24724
24741
24749
24753
24770
24771
24783
24790
24790
24809
24820
24822
24831
24837
24840
24876
24882
24888
24889
24902
24903
24915
24918
24926
24930
24977
24987
24989
24993
25006
25017
25023
25055
25063
25064
25078
25086
25088
25101
25112
25115
25118
25123
25125
25127
25128
25131
25138
25145
25162
25164
25168
25209
25211
25218
25231
25233
25239
25241
25242
25253
25254
25268
25278
25295
25299
25301
25331
25335
25361
25418
25435
25439
25440
25452
25460
25465
25472
25473
25476
25478
25480
25495
25499
25540
25542
25546
25546
25548
25560
25619
25632
25646
25648
25655
25658
25663
25665
25692
25706
25718
25728
25730
25736
25741
25754
25759
25761
25772
25774
25778
25782
25797
25813
25822
25825
25826
25853
25858
25886
25896
25902
25906
25916
25917
25924
25927
25937
25943
25943
25947
25948
25959
25980
25980
25987
26000
26009
26013
26032
26038
26046
26050
26055
26059
26064
26066
26088
26089
26095
26106
26135
26154
26192
26207
26210
26212
26241
26248
26248
26272
26272
26279
26285
26321
26338
26345
26345
26350
26382
26401
26408
26410
26432
26438
26446
26478
26487
26498
26500
26502
26503
26505
26508
26509
26519
26524
26531
26538
26540
26548
26549
26591
26602
26609
26611
26614
26620
26621
26621
26640
26645
26647
26650
26653
26657
26664
26665
26670
26674
26691
26696
26723
26732
26734
26740
26745
26745
26745
26759
26765
26787
26788
26813
26847
26851
26852
26853
26866
26871
26906
26907
26912
26916
26920
26933
26934
26940
26954
26957
26968
26974
26991
27017
27024
27031
27031
27038
27043
27062
27077
27082
27104
27114
27114
27115
27119
27124
27126
27133
27146
27165
27173
27184
27186
27189
27210
27231
27237
27238
27239
27240
27241
27251
27265
27272
27273
27277
27283
27286
27298
27298
27314
27333
27338
27344
27357
27376
27379
27382
27403
27417
27443
27443
27444
27446
27452
27463
27465
27465
27469
27504
27506
27516
27531
27541
27542
27544
27571
27581
27588
27599
27609
27629
27643
27648
27652
27672
27683
27706
27713
27725
27725
27729
27731
27745
27748
27759
27763
27765
27774
27778
27781
27788
27801
27814
27817
27818
27828
27831
27840
27847
27848
27867
27875
27880
27882
27885
27907
27913
27918
27924
27937
27954
27959
27960
27978
27980
27980
27992
27993
27996
28001
28028
28065
28065
28067
28069
28074
28077
28088
28095
28105
28108
28116
28120
28139
28162
28163
28167
28188
28194
28204
28223
28228
28235
28248
28257
28262
28289
28296
28309
28311
28321
28337
28355
28359
28363
28375
28376
28403
28415
28433
28437
28453
28467
28482
28490
28496
28507
28521
28521
28533
28534
28541
28566
28571
28574
28578
28611
28617
28626
28626
28644
28674
28709
28710
28718
28760
28769
28775
28780
28789
28805
28824
28847
28876
28883
28889
28895
28902
28907
28908
28912
28924
28925
28935
28959
28962
28965
28984
28986
28990
28996
28997
29018
29033
29034
29056
29064
29066
29068
29072
29081
29098
29107
29136
29154
29161
29167
29176
29180
29186
29186
29187
29191
29200
29266
29273
29313
29330
29337
29356
29361
29373
29385
29401
29420
29425
29465
29466
29477
29478
29490
29500
29501
29513
29516
29525
29543
29549
29550
29562
29565
29584
29586
29593
29608
29609
29618
29625
29625
29630
29630
29656
29674
29698
29711
29713
29719
29720
29735
29745
29748
29754
29757
29766
29799
29809
29817
29820
29832
29833
29844
29858
29903
29915
29931
29938
29939
29956
29988
30000
30003
30006
30021
30024
30029
30076
30091
30115
30120
30123
30127
30170
30195
30216
30217
30218
30221
30224
30256
30260
30267
30269
30272
30290
30316
30332
30335
30361
30370
30376
30391
30391
30398
30398
30398
30433
30456
30459
30475
30483
30503
30503
30503
30511
30515
30521
30525
30528
30544
30548
30573
30575
30583
30590
30590
30610
30613
30613
30616
30621
30622
30623
30632
30644
30650
30653
30654
30677
30693
30694
30695
30701
30744
30745
30756
30759
30762
30765
30769
30772
30789
30789
30796
30801
30827
30828
30848
30849
30852
30856
30866
30891
30899
30902
30908
30910
30911
30951
30955
30987
30992
30998
31001
31002
31008
31014
31026
31040
31056
31067
31077
31078
31082
31084
31092
31098
31118
31141
31144
31147
31157
31168
31177
31187
31190
31211
31211
31235
31240
31254
31258
31307
31316
31330
31370
31391
31392
31393
31402
31415
31417
31422
31427
31447
31459
31476
31481
31484
31506
31507
31536
31561
31572
31572
31579
31625
31628
31634
31637
31650
31653
31667
31684
31691
31694
31702
31724
31751
31752
31756
31763
31763
31772
31783
31785
31791
31792
31809
31829
31833
31837
31851
31874
31877
31894
31910
31922
31953
31958
31971
32002
32007
32013
32017
32018
32021
32032
32035
32059
32085
32091
32091
32112
32113
32132
32145
32145
32149
32151
32151
32154
32167
32170
32171
32202
32210
32215
32221
32228
32234
32247
32248
32262
32263
32282
32284
32298
32311
32312
32315
32336
32348
32356
32366
32366
32390
32416
32418
32421
32422
32440
32446
32448
32453
32453
32466
32486
32487
32487
32490
32493
32494
32495
32496
32498
32504
32549
32556
32562
32566
32592
32602
32606
32607
32620
32632
32642
32655
32663
32669
32673
32686
32687
32710
32719
32724
32728
32736
32742
32742
32745
32748
32818
32821
32821
32823
32830
32831
32834
32852
32858
32863
32875
32892
32905
32914
32916
32920
32923
32933
32964
32970
32978
32983
33003
33019
33085
33093
33103
33109
33119
33142
33146
33159
33161
33163
33177
33182
33186
33196
33204
33225
33249
33252
33257
33266
33271
33287
33291
33293
33293
33296
33306
33317
33321
33332
33335
33346
33349
33352
33373
33380
33403
33408
33430
33430
33438
33439
33458
33462
33466
33469
33477
33488
33536
33538
33541
33553
33553
33564
33585
33614
33618
33621
33664
33667
33690
33691
33707
33720
33735
33761
33767
33782
33837
33843
33848
33851
33860
33875
33878
33887
33889
33895
33910
33917
33923
33926
33940
33954
33958
33964
33974
33976
33986
34003
34007
34020
34028
34035
34056
34058
34068
34077
34079
34080
34096
34102
34107
34110
34145
34146
34146
34146
34153
34164
34167
34170
34172
34184
34185
34193
34196
34202
34205
34205
34218
34225
34228
34238
34245
34245
34249
34256
34276
34277
34283
34289
34293
34294
34297
34312
34318
34328
34332
34340
34350
34357
34365
34376
34378
34378
34387
34388
34389
34391
34391
34392
34431
34437
34450
34458
34458
34473
34486
34491
34493
34497
34529
34532
34541
34550
34556
34558
34568
34580
34588
34596
34596
34600
34608
34615
34616
34617
34619
34621
34635
34642
34652
34664
34667
34677
34680
34697
34697
34705
34712
34721
34737
34749
34757
34757
34769
34772
34796
34797
34823
34823
34828
34838
34866
34866
34887
34907
34919
34921
34922
34928
34938
34950
34958
34965
34996
35016
35017
35030
35042
35050
35056
35075
35079
35087
35099
35101
35110
35115
35128
35146
35163
35175
35194
35209
35223
35225
35228
35231
35237
35239
35260
35270
35271
35272
35279
35284
35308
35329
35331
35339
35339
35343
35343
35360
35361
35372
35376
35377
35395
35397
35404
35416
35422
35432
35438
35453
35462
35469
35497
35501
35511
35519
35530
35566
35585
35587
35588
35592
35598
35599
35600
35601
35642
35643
35652
35659
35660
35660
35669
35672
35673
35675
35678
35685
35702
35707
35714
35716
35724
35734
35746
35753
35762
35765
35771
35773
35780
35786
35798
35799
35807
35812
35821
35825
35828
35847
35849
35864
35872
35896
35899
35908
35911
35913
35915
35926
35930
35932
35972
35974
35977
35988
35991
35992
35996
36003
36009
36011
36014
36036
36085
36120
36131
36158
36160
36166
36166
36176
36197
36198
36203
36204
36216
36221
36236
36250
36264
36286
36293
36299
36305
36308
36310
36310
36319
36331
36348
36353
36384
36398
36415
36424
36436
36446
36481
36483
36483
36485
36486
36489
36520
36523
36524
36527
36536
36540
36544
36549
36588
36589
36620
36656
36670
36681
36684
36686
36703
36709
36709
36714
36737
36738
36741
36744
36752
36760
36774
36778
36781
36785
36787
36789
36792
36794
36816
36837
36854
36857
36866
36873
36880
36884
36889
36893
36907
36916
36936
36940
36956
36965
36965
36975
36977
36987
36995
36999
37008
37026
37031
37038
37060
37060
37067
37078
37085
37087
37091
37101
37102
37123
37128
37134
37140
37160
37162
37189
37192
37193
37217
37217
37226
37231
37231
37236
37250
37264
37286
37305
37316
37321
37322
37324
37365
37382
37388
37396
37416
37417
37442
37443
37459
37464
37476
37484
37505
37506
37507
37509
37535
37539
37560
37568
37570
37573
37578
37585
37592
37595
37601
37604
37612
37626
37637
37638
37652
37655
37656
37658
37672
37678
37725
37727
37731
37754
37763
37768
37774
37781
37783
37784
37786
37820
37841
37871
37874
37887
37893
37929
37953
37955
37965
37983
37986
37989
37995
37998
38043
38072
38082
38085
38087
38088
38103
38111
38148
38170
38172
38173
38221
38247
38264
38287
38294
38303
38304
38318
38321
38346
38355
38391
38398
38399
38420
38425
38442
38453
38458
38462
38475
38486
38509
38544
38550
38551
38551
38552
38578
38582
38606
38609
38618
38626
38637
38648
38672
38677
38686
38698
38705
38721
38722
38722
38728
38728
38734
38740
38761
38772
38780
38788
38795
38820
38864
38883
38883
38892
38897
38904
38910
38913
38966
38973
38982
38986
39026
39031
39032
39036
39045
39056
39060
39065
39069
39070
39083
39092
39093
39155
39173
39185
39186
39188
39200
39202
39204
39207
39208
39208
39241
39247
39269
39299
39305
39308
39315
39322
39329
39373
39381
39402
39403
39419
39462
39478
39480
39483
39487
39504
39514
39518
39532
39538
39556
39567
39581
39603
39619
39622
39628
39660
39677
39685
39713
39731
39732
39737
39737
39742
39749
39803
39805
39806
39819
39819
39825
39826
39845
39862
39884
39885
39886
39902
39903
39907
39915
39920
39921
39950
39951
39969
39976
39983
39984
39986
39991
39996
40003
40004
40006
40015
40051
40054
40059
40061
40073
40074
40076
40084
40111
40129
40142
40156
40160
40202
40216
40248
40255
40259
40276
40280
40280
40293
40295
40303
40306
40313
40316
40317
40318
40323
40325
40336
40341
40362
40367
40374
40382
40390
40394
40402
40408
40408
40426
40458
40460
40494
40502
40503
40503
40518
40533
40549
40580
40587
40601
40609
40622
40640
40642
40653
40676
40678
40688
40699
40701
40706
40714
40718
40726
40727
40727
40738
40755
40775
40780
40792
40801
40804
40807
40817
40818
40837
40838
40850
40876
40881
40887
40894
40894
40895
40929
40930
40931
40936
40951
40956
40956
40969
40978
40995
41002
41004
41014
41033
41038
41045
41048
41055
41062
41062
41077
41113
41119
41136
41147
41149
41179
41189
41220
41244
41245
41250
41269
41279
41291
41296
41299
41303
41306
41330
41343
41368
41382
41399
41399
41420
41426
41430
41450
41456
41469
41476
41481
41486
41493
41506
41528
41550
41551
41561
41561
41563
41567
41572
41599
41606
41651
41691
41705
41707
41744
41751
41756
41795
41800
41803
41803
41816
41834
41869
41882
41886
41887
41891
41892
41903
41907
41916
41920
41934
41942
41946
41956
41963
41968
41968
41990
42014
42018
42021
42025
42028
42041
42047
42102
42122
42136
42140
42141
42153
42156
42158
42160
42172
42174
42177
42185
42190
42195
42202
42213
42215
42234
42241
42257
42263
42263
42300
42305
42313
42317
42337
42347
42373
42376
42390
42398
42400
42410
42414
42417
42417
42435
42444
42446
42469
42478
42480
42487
42500
42504
42506
42516
42517
42519
42520
42550
42552
42554
42561
42569
42590
42603
42621
42623
42629
42642
42651
42654
42656
42658
42663
42663
42676
42678
42689
42701
42702
42708
42725
42735
42739
42742
42754
42780
42782
42787
42792
42793
42799
42812
42827
42851
42856
42873
42874
42891
42901
42917
42927
42960
42965
42967
42989
42998
42998
43011
43044
43063
43065
43065
43067
43081
43091
43096
43113
43122
43129
43136
43145
43168
43181
43187
43191
43207
43226
43231
43231
43253
43255
43255
43259
43285
43287
43288
43300
43301
43329
43340
43357
43430
43433
43440
43443
43447
43482
43484
43496
43498
43502
43537
43544
43546
43569
43608
43610
43612
43642
43645
43660
43667
43674
43680
43681
43683
43706
43709
43714
43715
43716
43741
43750
43750
43753
43757
43761
43773
43791
43810
43815
43829
43832
43837
43842
43865
43936
43946
43953
43971
43980
43983
43994
44012
44029
44049
44052
44065
44078
44099
44142
44145
44145
44147
44150
44154
44165
44187
44188
44214
44227
44244
44247
44253
44266
44307
44309
44321
44332
44336
44338
44342
44345
44354
44356
44366
44381
44389
44392
44395
44396
44423
44450
44456
44456
44476
44493
44495
44512
44516
44520
44541
44544
44544
44552
44552
44575
44579
44581
44600
44601
44617
44620
44624
44629
44649
44655
44659
44661
44664
44672
44693
44699
44713
44725
44726
44729
44732
44762
44794
44798
44800
44803
44805
44805
44822
44826
44830
44839
44842
44842
44847
44847
44851
44862
44874
44886
44902
44916
44932
44932
44941
44947
44952
44963
44967
44987
44993
45000
45003
45013
45022
45043
45051
45065
45077
45095
45116
45116
45120
45123
45144
45151
45157
45165
45170
45171
45194
45202
45222
45227
45227
45230
45251
45251
45272
45276
45280
45284
45285
45292
45314
45328
45336
45339
45345
45380
45382
45397
45399
45403
45423
45426
45433
45436
45439
45443
45455
45485
45488
45499
45511
45517
45542
45546
45552
45563
45565
45569
45580
45593
45600
45605
45609
45611
45628
45639
45639
45647
45671
45697
45704
45707
45708
45710
45712
45725
45727
45733
45735
45749
45759
45764
45787
45804
45819
45833
45856
45869
45877
45878
45889
45892
45895
45903
45910
45927
45970
45976
45991
46053
46057
46065
46081
46086
46090
46091
46093
46101
46112
46118
46124
46125
46137
46170
46171
46173
46186
46193
46198
46213
46214
46215
46225
46226
46238
46252
46257
46270
46275
46288
46290
46309
46311
46313
46322
46325
46328
46336
46338
46343
46350
46361
46374
46378
46422
46424
46434
46449
46451
46451
46454
46483
46519
46530
46534
46540
46543
46546
46546
46547
46553
46565
46601
46605
46617
46618
46626
46629
46631
46643
46649
46653
46659
46677
46683
46683
46689
46749
46768
46779
46781
46781
46790
46801
46818
46823
46842
46842
46846
46871
46880
46896
46902
46911
46915
46936
46937
46977
46979
46985
46990
46990
46991
46993
46994
46995
47009
47025
47032
47048
47049
47056
47065
47078
47079
47101
47112
47145
47149
47155
47166
47169
47177
47191
47191
47199
47208
47220
47223
47223
47227
47231
47237
47238
47238
47277
47292
47294
47296
47300
47301
47335
47362
47366
47372
47383
47420
47432
47436
47454
47459
47468
47475
47479
47490
47508
47516
47530
47543
47544
47550
47575
47579
47594
47617
47628
47629
47636
47655
47660
47674
47685
47699
47721
47727
47728
47755
47762
47767
47787
47794
47803
47809
47810
47838
47853
47870
47882
47893
47895
47901
47935
47946
47962
47975
47993
47994
47997
48004
48014
48015
48021
48039
48067
48083
48104
48105
48111
48114
48143
48159
48183
48191
48206
48236
48248
48273
48307
48336
48352
48356
48363
48381
48382
48383
48391
48399
48403
48412
48414
48417
48420
48423
48426
48429
48431
48441
48449
48459
48467
48500
48511
48519
48521
48529
48563
48598
48601
48603
48606
48607
48613
48627
48628
48632
48653
48708
48710
48729
48732
48737
48744
48754
48774
48784
48807
48827
48834
48846
48856
48864
48886
48927
48932
48939
48943
48952
48959
48961
48991
49011
49024
49033
49044
49064
49074
49074
49075
49098
49104
49110
49114
49117
49132
49132
49136
49155
49156
49172
49175
49195
49203
49213
49235
49246
49251
49273
49288
49288
49309
49333
49347
49358
49363
49373
49407
49421
49425
49427
49434
49442
49445
49445
49454
49464
49485
49513
49520
49531
49550
49567
49582
49607
49608
49610
49621
49630
49665
49666
49668
49682
49684
49692
49703
49710
49717
49717
49721
49723
49740
49756
49757
49758
49759
49782
49783
49789
49801
49831
49842
49846
49850
49877
49904
49908
49910
49923
49935
49944
49945
49953
49961
49967
49995
49998
50037
50037
50037
50072
50092
50097
50113
50128
50144
50148
50165
50166
50181
50183
50186
50191
50258
50272
50274
50294
50301
50302
50315
50329
50342
50347
50347
50351
50357
50358
50366
50367
50387
50403
50412
50412
50429
50444
50446
50462
50501
50509
50511
50527
50545
50547
50574
50576
50576
50583
50595
50623
50631
50634
50639
50659
50676
50677
50700
50712
50712
50712
50728
50738
50755
50759
50760
50766
50774
50780
50791
50796
50797
50802
50839
50868
50870
50886
50906
50920
50921
50940
50978
50983
50997
51002
51002
51050
51058
51076
51078
51079
51100
51104
51104
51122
51142
51152
51167
51178
51212
51222
51227
51237
51240
51249
51249
51250
51250
51264
51266
51269
51272
51280
51281
51288
51293
51327
51343
51357
51371
51375
51390
51403
51404
51409
51413
51415
51419
51426
51427
51428
51430
51436
51441
51454
51462
51471
51472
51498
51504
51512
51513
51517
51530
51532
51539
51544
51558
51564
51564
51583
51598
51598
51608
51612
51624
51626
51629
51631
51633
51658
51675
51695
51700
51727
51729
51735
51750
51765
51767
51769
51774
51781
51788
51809
51837
51843
51845
51850
51852
51860
51871
51876
51886
51889
51922
51932
51951
51958
51968
52011
52028
52029
52031
52057
52059
52067
52073
52085
52089
52093
52102
52113
52122
52125
52127
52135
52138
52171
52173
52175
52191
52199
52224
52230
52235
52244
52251
52254
52267
52278
52287
52287
52289
52289
52298
52309
52322
52332
52336
52340
52376
52394
52401
52401
52407
52423
52449
52452
52460
52461
52466
52473
52481
52488
52504
52508
52524
52528
52535
52537
52540
52544
52545
52567
52570
52572
52586
52589
52602
52620
52637
52639
52661
52678
52683
52708
52728
52736
52751
52767
52810
52833
52833
52849
52855
52855
52860
52905
52912
52918
52947
52962
52966
52967
52975
52978
52984
52985
52989
52991
52994
52998
53013
53022
53024
53028
53062
53088
53089
53100
53102
53123
53127
53132
53143
53160
53162
53162
53170
53177
53194
53209
53211
53218
53230
53263
53267
53268
53278
53281
53299
53301
53318
53318
53331
53332
53348
53362
53366
53369
53389
53395
53411
53422
53442
53444
53453
53462
53471
53486
53491
53499
53513
53514
53531
53557
53562
53567
53584
53605
53620
53625
53679
53691
53696
53697
53697
53723
53731
53742
53742
53754
53771
53789
53795
53797
53804
53809
53813
53822
53824
53829
53846
53848
53850
53870
53893
53916
53919
53925
53926
53933
53935
53935
53942
53944
53976
53991
53994
54012
54014
54017
54025
54026
54027
54039
54040
54041
54059
54068
54070
54101
54104
54105
54114
54150
54169
54182
54195
54198
54206
54211
54227
54235
54255
54262
54269
54274
54282
54368
54374
54383
54386
54395
54396
54399
54422
54425
54447
54452
54471
54472
54494
54498
54506
54513
54514
54536
54540
54546
54553
54556
54579
54582
54588
54589
54596
54601
54602
54602
54603
54608
54608
54649
54660
54666
54670
54688
54688
54692
54702
54712
54719
54722
54737
54764
54774
54776
54779
54782
54789
54791
54796
54808
54809
54821
54826
54827
54830
54840
54857
54859
54860
54864
54869
54873
54891
54903
54931
54964
54967
54983
54992
54993
54994
54995
55019
55038
55039
55055
55058
55068
55074
55075
55102
55103
55116
55125
55138
55140
55141
55158
55183
55201
55223
55223
55228
55238
55256
55264
55305
55340
55344
55364
55368
55370
55404
55413
55416
55418
55430
55446
55449
55458
55472
55482
55484
55500
55514
55528
55534
55542
55543
55550
55554
55564
55585
55586
55615
55628
55641
55643
55652
55652
55657
55659
55671
55681
55700
55708
55735
55755
55763
55771
55789
55834
55844
55861
55879
55880
55881
55890
55897
55923
55931
55970
56001
56003
56007
56008
56010
56016
56036
56050
56111
56117
56149
56152
56155
56160
56165
56168
56171
56173
56191
56195
56205
56210
56213
56222
56225
56225
56227
56241
56245
56260
56261
56268
56275
56301
56305
56312
56323
56328
56350
56369
56382
56385
56389
56391
56405
56426
56439
56440
56442
56474
56490
56490
56491
56492
56496
56512
56521
56532
56538
56554
56573
56574
56600
56606
56625
56628
56639
56666
56674
56674
56685
56690
56734
56745
56745
56749
56788
56797
56802
56810
56823
56842
56844
56846
56852
56853
56854
56856
56870
56878
56902
56904
56915
56920
56943
56946
56948
56956
56957
56969
56970
56973
56977
56978
57006
57010
57012
57018
57019
57021
57030
57062
57066
57072
57075
57088
57096
57102
57104
57104
57148
57180
57191
57214
57220
57222
57248
57252
57263
57267
57278
57279
57291
57313
57324
57327
57332
57332
57336
57340
57346
57348
57352
57354
57362
57390
57400
57402
57406
57415
57418
57419
57445
57449
57456
57475
57493
57500
57513
57515
57521
57527
57537
57539
57542
57563
57601
57612
57615
57616
57620
57620
57626
57629
57662
57667
57677
57690
57724
57736
57741
57760
57774
57775
57798
57818
57820
57845
57852
57856
57878
57882
57882
57892
57894
57904
57920
57920
57922
57960
57980
57985
57991
57993
58007
58028
58034
58036
58047
58049
58079
58089
58098
58100
58103
58106
58119
58135
58138
58143
58144
58153
58172
58178
58182
58186
58189
58193
58264
58266
58269
58298
58315
58354
58358
58366
58376
58376
58390
58403
58457
58465
58467
58468
58487
58487
58493
58496
58500
58513
58520
58527
58529
58537
58538
58556
58568
58572
58580
58594
58596
58607
58616
58621
58622
58626
58647
58657
58666
58689
58692
58693
58693
58697
58723
58738
58744
58745
58747
58758
58794
58802
58807
58807
58807
58810
58813
58819
58830
58852
58879
58888
58889
58897
58898
58904
58910
58918
58931
58946
58946
58970
58986
58990
58998
59005
59026
59032
59042
59046
59054
59071
59073
59088
59097
59101
59103
59121
59122
59129
59133
59148
59150
59152
59161
59169
59172
59189
59202
59206
59211
59215
59226
59229
59231
59235
59237
59239
59242
59249
59270
59300
59302
59304
59325
59341
59353
59359
59363
59371
59376
59393
59421
59421
59433
59461
59462
59467
59477
59480
59481
59487
59494
59520
59522
59539
59560
59563
59565
59567
59575
59600
59615
59636
59636
59649
59654
59669
59677
59683
59693
59707
59713
59728
59747
59752
59755
59758
59767
59770
59782
59783
59786
59794
59809
59823
59843
59844
59854
59857
59860
59872
59876
59879
59883
59884
59914
59923
59928
59930
59939
59946
59962
59983
60004
60009
60019
60024
60029
60048
60087
60089
60091
60092
60120
60125
60149
60154
60158
60163
60166
60177
60209
60219
60225
60234
60255
60256
60268
60270
60280
60283
60288
60294
60306
60314
60318
60336
60358
60360
60379
60379
60396
60398
60403
60413
60415
60419
60448
60458
60459
60463
60477
60479
60493
60497
60497
60499
60500
60540
60549
60576
60588
60590
60591
60604
60604
60606
60619
60636
60638
60642
60659
60669
60674
60675
60676
60694
60697
60730
60802
60814
60827
60841
60846
60860
60870
60896
60910
60922
60932
60954
60981
60984
60992
61020
61031
61034
61047
61055
61057
61066
61078
61081
61084
61097
61097
61101
61102
61102
61106
61109
61128
61129
61131
61132
61133
61145
61165
61165
61183
61184
61188
61188
61195
61200
61208
61238
61244
61251
61253
61261
61268
61268
61273
61286
61296
61307
61336
61345
61383
61394
61414
61447
61453
61457
61482
61494
61495
61510
61521
61532
61539
61546
61566
61567
61569
61579
61584
61596
61611
61618
61618
61618
61623
61631
61645
61653
61674
61677
61682
61701
61702
61703
61706
61707
61739
61747
61755
61792
61793
61801
61820
61821
61833
61852
61862
61895
61896
61898
61899
61908
61913
61935
61938
61960
61984
62026
62030
62048
62055
62061
62080
62088
62093
62101
62108
62115
62149
62158
62158
62165
62185
62186
62195
62195
62196
62230
62246
62256
62259
62299
62341
62346
62349
62352
62358
62366
62373
62376
62390
62398
62469
62475
62477
62482
62486
62493
62505
62507
62515
62522
62526
62529
62532
62533
62545
62556
62610
62612
62614
62635
62653
62667
62686
62698
62701
62719
62729
62741
62741
62760
62764
62767
62787
62795
62802
62802
62803
62806
62811
62818
62824
62839
62851
62851
62882
62882
62890
62890
62890
62900
62901
62909
62910
62950
62951
62951
62955
62957
62958
62983
62988
62991
62994
63014
63014
63023
63027
63036
63091
63095
63097
63100
63112
63122
63127
63138
63148
63150
63170
63176
63181
63185
63190
63191
63199
63219
63232
63234
63250
63286
63305
63317
63336
63344
63349
63352
63356
63360
63383
63395
63419
63419
63422
63426
63427
63431
63435
63445
63472
63475
63477
63477
63507
63520
63559
63585
63595
63602
63618
63619
63636
63649
63651
63667
63672
63674
63677
63687
63690
63700
63713
63714
63715
63722
63727
63737
63746
63769
63771
63778
63780
63781
63790
63793
63824
63835
63838
63845
63869
63891
63894
63906
63922
63924
63939
63941
63957
63971
63979
63988
63991
63999
64008
64020
64032
64069
64108
64117
64130
64134
64159
64173
64174
64197
64226
64228
64240
64244
64245
64248
64254
64275
64291
64300
64301
64304
64310
64311
64312
64338
64344
64360
64360
64366
64374
64375
64401
64404
64428
64434
64448
64449
64458
64463
64468
64474
64487
64493
64500
64502
64512
64516
64523
64525
64529
64532
64552
64555
64564
64570
64580
64584
64585
64600
64637
64647
64661
64663
64666
64689
64698
64701
64709
64712
64713
64714
64719
64722
64727
64754
64757
64760
64786
64789
64791
64795
64809
64836
64836
64843
64848
64865
64867
64870
64881
64882
64892
64924
64933
64943
64954
64954
64954
64956
64957
64967
64973
64985
64988
64992
64995
65005
65023
65026
65041
65044
65050
65086
65092
65101
65101
65107
65119
65127
65152
65153
65175
65179
65185
65194
65200
65221
65221
65245
65254
65255
65265
65267
65270
65281
65281
65288
65294
65309
65332
65342
65346
65353
65359
65378
65384
65387
65391
65422
65428
65443
65448
65455
65464
65473
65481
65483
65492
65494
65500
65500
65508
65515
65520
65524
65532
65536
65541
65541
65556
65567
65567
65573
65609
65614
65618
65634
65648
65660
65676
65679
65681
65686
65694
65701
65711
65726
65736
65752
65797
65802
65804
65815
65840
65859
65866
65912
65918
65929
65936
65938
65951
65951
65952
65954
65963
65984
66031
66035
66045
66063
66067
66070
66098
66118
66123
66152
66165
66174
66185
66192
66196
66200
66221
66233
66245
66250
66256
66257
66264
66276
66280
66295
66313
66315
66317
66320
66321
66369
66381
66387
66403
66416
66435
66435
66437
66452
66455
66468
66470
66474
66485
66493
66501
66512
66542
66554
66561
66562
66568
66569
66577
66578
66618
66628
66631
66638
66641
66666
66666
66667
66668
66671
66697
66708
66728
66738
66739
66743
66750
66758
66835
66841
66847
66859
66869
66878
66919
66931
66940
66946
66948
66965
66968
66980
66984
66988
67005
67024
67026
67042
67045
67062
67073
67082
67101
67103
67141
67153
67167
67172
67172
67190
67199
67200
67209
67217
67220
67232
67238
67257
67264
67290
67329
67334
67337
67344
67367
67388
67389
67396
67397
67401
67403
67404
67409
67423
67429
67440
67454
67463
67464
67479
67479
67483
67484
67485
67511
67523
67547
67550
67553
67557
67557
67562
67564
67565
67574
67578
67581
67592
67603
67605
67613
67617
67621
67635
67643
67657
67674
67680
67683
67684
67690
67719
67739
67749
67759
67759
67761
67785
67787
67797
67824
67825
67839
67840
67845
67854
67856
67860
67867
67870
67881
67885
67886
67886
67900
67903
67913
67922
67935
67943
67975
67975
67980
67997
68004
68011
68012
68013
68043
68079
68093
68098
68106
68106
68120
68120
68122
68123
68126
68127
68128
68144
68144
68162
68171
68206
68217
68221
68239
68240
68245
68253
68263
68272
68278
68280
68289
68317
68324
68334
68345
68348
68350
68357
68383
68405
68438
68439
68443
68444
68455
68477
68499
68508
68531
68537
68537
68540
68552
68557
68574
68582
68587
68601
68620
68636
68648
68667
68669
68673
68687
68706
68706
68708
68710
68719
68733
68739
68742
68743
68745
68746
68761
68768
68772
68787
68791
68819
68820
68823
68830
68831
68834
68838
68847
68850
68857
68937
68943
68955
68955
68967
68969
68995
69002
69054
69058
69068
69075
69101
69106
69144
69168
69176
69188
69193
69205
69218
69221
69225
69249
69253
69277
69281
69298
69298
69305
69330
69345
69373
69377
69383
69391
69393
69399
69410
69419
69423
69434
69435
69438
69441
69465
69465
69466
69470
69480
69484
69501
69506
69513
69533
69547
69548
69552
69564
69564
69566
69571
69571
69577
69605
69608
69622
69626
69631
69634
69640
69652
69662
69679
69704
69710
69711
69714
69714
69739
69741
69745
69755
69758
69770
69790
69791
69802
69804
69828
69828
69848
69866
69885
69886
69895
69930
69943
69946
69955
69961
69968
69980
69983
70000
70008
70028
70040
70046
70050
70067
70075
70083
70089
70090
70090
70097
70109
70125
70127
70175
70207
70209
70228
70228
70241
70249
70254
70264
70304
70342
70354
70358
70360
70362
70363
70365
70366
70379
70404
70414
70423
70426
70442
70450
70467
70480
70482
70501
70506
70510
70523
70529
70531
70535
70537
70554
70555
70562
70585
70586
70605
70617
70619
70622
70622
70638
70655
70655
70656
70676
70690
70695
70704
70713
70737
70738
70743
70752
70764
70767
70769
70774
70776
70781
70783
70791
70798
70806
70820
70836
70838
70840
70853
70869
70876
70877
70889
70912
70913
70920
70923
70926
70933
70937
70945
70946
70968
70977
70987
71014
71014
71014
71026
71027
71046
71060
71066
71070
71075
71086
71090
71101
71112
71113
71139
71146
71154
71160
71165
71186
71192
71192
71224
71226
71231
71232
71243
71266
71288
71294
71305
71327
71331
71363
71365
71379
71379
71380
71389
71398
71400
71417
71436
71500
71518
71524
71550
71552
71567
71584
71586
71587
71588
71651
71652
71678
71683
71693
71697
71710
71711
71727
71730
71731
71736
71762
71763
71784
71793
71796
71796
71797
71805
71805
71819
71840
71855
71855
71857
71863
71867
71868
71875
71876
71879
71880
71891
71894
71900
71932
71937
71948
71949
71962
71966
71967
71978
71984
71986
72000
72002
72010
72014
72027
72047
72056
72077
72086
72111
72124
72126
72133
72155
72155
72170
72171
72172
72174
72187
72197
72206
72208
72209
72212
72244
72251
72264
72267
72269
72298
72307
72318
72330
72359
72371
72383
72385
72410
72418
72418
72431
72432
72446
72458
72459
72460
72465
72476
72477
72505
72505
72527
72571
72572
72574
72579
72582
72596
72605
72632
72645
72650
72661
72662
72663
72682
72690
72692
72693
72699
72717
72719
72722
72723
72742
72745
72747
72757
72812
72818
72819
72820
72843
72846
72857
72891
72910
72927
72939
72960
72964
72973
72977
72990
72993
72997
72999
72999
73000
73015
73016
73019
73030
73042
73042
73052
73065
73070
73076
73082
73084
73084
73086
73089
73089
73098
73111
73119
73144
73155
73156
73159
73165
73170
73182
73187
73199
73203
73208
73209
73237
73238
73255
73261
73264
73269
73278
73291
73299
73309
73311
73336
73338
73359
73364
73365
73366
73368
73373
73417
73428
73431
73440
73444
73445
73449
73451
73481
73490
73498
73500
73503
73510
73529
73537
73538
73579
73587
73599
73619
73621
73625
73631
73645
73661
73662
73681
73683
73693
73701
73704
73705
73708
73726
73728
73737
73746
73777
73779
73786
73789
73790
73811
73826
73828
73850
73854
73860
73861
73875
73876
73889
73898
73913
73916
73917
73920
73923
73926
73941
73953
73957
73965
73970
73979
74001
74008
74011
74013
74013
74022
74026
74030
74054
74056
74059
74095
74104
74111
74150
74155
74171
74197
74200
74203
74209
74211
74218
74238
74239
74239
74245
74249
74311
74322
74340
74343
74346
74360
74367
74369
74391
74395
74404
74434
74443
74444
74464
74479
74483
74485
74491
74502
74502
74520
74523
74551
74557
74558
74570
74596
74601
74611
74636
74643
74683
74694
74726
74728
74730
74737
74783
74796
74818
74819
74820
74846
74847
74848
74890
74890
74894
74906
74911
74912
74921
74923
74938
74966
74973
74984
74987
75015
75017
75026
75027
75030
75032
75033
75078
75090
75097
75124
75175
75197
75203
75207
75218
75224
75232
75243
75244
75254
75258
75266
75272
75274
75284
75294
75296
75329
75340
75340
75364
75365
75376
75388
75397
75400
75414
75423
75425
75429
75434
75441
75446
75453
75461
75469
75477
75480
75482
75488
75491
75512
75515
75532
75538
75553
75560
75565
75571
75572
75581
75582
75593
75622
75638
75641
75647
75653
75671
75673
75680
75694
75700
75701
75708
75727
75728
75729
75760
75762
75780
75783
75785
75801
75819
75844
75850
75858
75872
75891
75929
75945
75965
75966
75993
76032
76048
76064
76072
76079
76082
76089
76093
76095
76121
76122
76128
76136
76137
76151
76152
76153
76156
76176
76176
76201
76209
76209
76218
76244
76246
76249
76256
76256
76260
76261
76266
76274
76279
76284
76285
76318
76327
76339
76339
76339
76358
76364
76368
76375
76379
76386
76411
76427
76427
76429
76439
76443
76448
76468
76469
76476
76476
76477
76477
76477
76502
76507
76522
76540
76555
76557
76569
76584
76596
76599
76603
76623
76629
76641
76645
76651
76653
76671
76671
76672
76682
76700
76720
76726
76734
76763
76811
76818
76819
76844
76849
76859
76863
76882
76896
76901
76902
76919
76961
76962
76966
76975
76983
76984
76996
76997
77004
77010
77010
77014
77022
77037
77042
77070
77071
77076
77085
77089
77103
77132
77134
77136
77140
77145
77145
77153
77176
77186
77190
77192
77195
77208
77212
77215
77229
77234
77234
77248
77287
77297
77315
77319
77330
77331
77340
77354
77364
77365
77382
77389
77389
77410
77413
77424
77485
77487
77498
77506
77509
77510
77512
77519
77529
77538
77543
77543
77546
77568
77575
77576
77585
77585
77592
77643
77646
77659
77671
77673
77690
77712
77724
77726
77729
77739
77749
77753
77757
77758
77786
77786
77793
77802
77803
77803
77806
77809
77811
77814
77817
77821
77828
77842
77845
77848
77866
77868
77868
77876
77883
77888
77888
77892
77893
77912
77939
77942
77956
77967
77997
78000
78003
78006
78020
78048
78054
78068
78070
78072
78093
78113
78127
78129
78137
78146
78146
78147
78154
78165
78179
78183
78223
78230
78231
78249
78279
78310
78329
78335
78343
78362
78370
78381
78402
78416
78420
78428
78466
78475
78476
78478
78485
78492
78502
78515
78540
78551
78552
78561
78580
78589
78598
78610
78627
78639
78645
78658
78673
78685
78704
78718
78741
78746
78749
78762
78770
78779
78780
78781
78794
78804
78805
78818
78826
78828
78840
78846
78847
78848
78864
78867
78876
78895
78901
78911
78920
78936
78967
78969
78984
79003
79050
79064
79083
79085
79095
79098
79101
79114
79115
79125
79126
79150
79151
79153
79167
79180
79182
79195
79197
79204
79220
79223
79235
79239
79259
79265
79266
79271
79271
79292
79297
79303
79317
79327
79332
79346
79359
79361
79372
79387
79387
79390
79391
79406
79418
79424
79431
79435
79436
79449
79472
79473
79489
79507
79515
79524
79526
79529
79549
79550
79551
79572
79581
79606
79621
79622
79625
79632
79633
79634
79654
79657
79662
79664
79688
79708
79723
79742
79762
79773
79779
79782
79795
79800
79818
79873
79877
79890
79936
79937
79961
79963
79970
79973
79985
80001
80009
80019
80036
80041
80046
80065
80066
80078
80081
80091
80106
80118
80122
80125
80128
80130
80151
80159
80161
80171
80172
80176
80179
80183
80197
80199
80200
80204
80206
80240
80241
80241
80244
80251
80261
80265
80265
80286
80287
80297
80309
80309
80319
80340
80345
80353
80367
80370
80371
80390
80395
80396
80400
80402
80430
80436
80457
80495
80496
80513
80515
80523
80531
80540
80545
80556
80560
80564
80567
80583
80589
80592
80593
80601
80606
80609
80613
80616
80634
80648
80650
80655
80660
80680
80680
80684
80703
80704
80711
80718
80731
80741
80744
80747
80748
80754
80762
80765
80791
80800
80808
80814
80822
80837
80839
80843
80849
80864
80882
80886
80893
80903
80904
80906
80909
80920
80926
80969
80976
80993
80997
81016
81022
81041
81048
81072
81073
81114
81118
81120
81126
81127
81137
81142
81153
81165
81183
81184
81185
81196
81200
81201
81210
81229
81244
81246
81257
81258
81282
81290
81290
81294
81296
81314
81323
81338
81343
81348
81351
81352
81353
81357
81362
81374
81395
81415
81421
81422
81435
81443
81446
81452
81475
81489
81498
81499
81527
81529
81530
81530
81532
81538
81540
81542
81546
81555
81556
81556
81569
81579
81587
81590
81592
81595
81596
81616
81623
81655
81655
81684
81694
81697
81715
81725
81731
81735
81745
81749
81751
81756
81758
81772
81788
81802
81815
81815
81836
81836
81855
81856
81859
81880
81880
81887
81892
81902
81908
81916
81921
81948
81984
82001
82003
82018
82034
82046
82053
82053
82061
82073
82076
82091
82096
82097
82103
82115
82131
82135
82141
82153
82154
82180
82188
82198
82201
82201
82203
82218
82225
82240
82242
82248
82254
82308
82323
82324
82326
82329
82338
82350
82353
82355
82373
82380
82386
82399
82409
82410
82455
82459
82465
82489
82500
82510
82512
82518
82519
82556
82559
82559
82579
82590
82595
82600
82604
82606
82617
82636
82637
82638
82658
82664
82665
82676
82678
82712
82720
82725
82747
82778
82780
82812
82826
82841
82848
82870
82871
82871
82883
82884
82887
82896
82911
82916
82920
82922
82927
82930
82944
82946
82967
82983
83002
83014
83017
83025
83033
83036
83059
83073
83082
83104
83106
83123
83141
83149
83155
83161
83164
83170
83173
83175
83190
83191
83204
83208
83218
83236
83250
83258
83263
83268
83277
83281
83286
83292
83292
83324
83361
83363
83377
83388
83390
83414
83420
83423
83427
83428
83444
83457
83465
83466
83478
83487
83487
83490
83493
83501
83503
83505
83513
83526
83538
83540
83541
83564
83579
83581
83603
83619
83635
83645
83651
83659
83664
83679
83685
83695
83702
83709
83718
83760
83769
83770
83772
83779
83815
83845
83866
83867
83879
83880
83888
83892
83896
83914
83946
83957
83964
83968
83980
83994
83996
83996
84000
84002
84005
84006
84051
84059
84060
84066
84068
84107
84122
84126
84132
84145
84149
84155
84163
84181
84185
84186
84190
84193
84199
84222
84242
84247
84259
84261
84262
84268
84293
84301
84316
84322
84332
84363
84377
84377
84378
84378
84396
84405
84418
84421
84423
84425
84431
84458
84472
84476
84492
84493
84500
84536
84548
84575
84577
84593
84618
84621
84638
84652
84666
84676
84688
84691
84696
84700
84709
84719
84725
84731
84743
84745
84747
84748
84797
84812
84819
84822
84827
84867
84878
84901
84902
84910
84913
84933
84955
84955
84965
84966
84974
84981
84988
84998
85000
85001
85030
85043
85058
85069
85077
85085
85095
85097
85108
85111
85114
85114
85144
85158
85163
85166
85179
85181
85190
85197
85202
85204
85215
85232
85241
85270
85272
85279
85291
85292
85307
85348
85351
85367
85374
85406
85407
85412
85412
85418
85426
85426
85426
85461
85470
85476
85479
85485
85506
85517
85527
85539
85552
85556
85556
85559
85572
85589
85591
85595
85608
85619
85622
85623
85627
85628
85631
85637
85637
85644
85645
85646
85655
85666
85670
85675
85682
85686
85686
85689
85699
85706
85724
85734
85738
85746
85771
85784
85788
85795
85801
85801
85829
85834
85851
85887
85893
85896
85905
85907
85924
85924
85927
85933
85953
85954
85960
85964
85965
85988
85990
86012
86017
86045
86074
86077
86080
86095
86100
86109
86110
86132
86136
86148
86156
86165
86165
86188
86190
86198
86204
86209
86214
86221
86224
86231
86264
86280
86285
86289
86294
86295
86298
86311
86313
86315
86333
86354
86372
86376
86383
86394
86401
86414
86417
86426
86461
86462
86466
86485
86495
86496
86500
86508
86513
86514
86519
86523
86533
86534
86550
86557
86562
86586
86603
86608
86609
86613
86614
86630
86647
86649
86660
86666
86679
86687
86693
86695
86701
86719
86721
86732
86734
86735
86738
86741
86742
86742
86757
86762
86783
86786
86788
86794
86804
86889
86892
86895
86909
86917
86933
86950
86961
86961
86971
86980
87008
87050
87054
87062
87065
87069
87074
87080
87098
87115
87130
87169
87171
87190
87216
87217
87218
87220
87220
87238
87239
87242
87251
87252
87271
87275
87278
87284
87284
87292
87305
87316
87317
87321
87345
87355
87360
87362
87363
87397
87398
87407
87411
87417
87420
87434
87437
87476
87478
87503
87504
87508
87513
87537
87546
87555
87560
87568
87568
87569
87574
87584
87590
87597
87613
87639
87649
87650
87653
87658
87666
87683
87688
87721
87722
87735
87739
87741
87742
87757
87763
87766
87790
87790
87796
87802
87808
87846
87860
87864
87882
87890
87945
87946
87950
87976
87990
87992
87993
87994
88019
88044
88056
88059
88061
88069
88076
88085
88091
88121
88148
88167
88175
88214
88215
88244
88252
88257
88282
88289
88293
88300
88300
88303
88304
88306
88310
88311
88331
88341
88368
88372
88378
88413
88432
88474
88494
88503
88508
88517
88519
88524
88529
88531
88556
88571
88575
88583
88607
88635
88636
88643
88647
88651
88654
88664
88679
88697
88711
88713
88739
88741
88778
88797
88801
88802
88808
88816
88823
88824
88844
88847
88855
88879
88892
88900
88925
88938
88947
88953
88955
88966
88974
88976
88981
88985
88992
89019
89030
89044
89057
89058
89094
89099
89105
89113
89123
89130
89136
89137
89143
89147
89154
89166
89170
89175
89187
89201
89202
89208
89212
89218
89241
89264
89289
89293
89295
89327
89327
89336
89337
89342
89344
89361
89365
89374
89376
89393
89405
89415
89425
89430
89432
89434
89435
89436
89453
89454
89464
89466
89483
89490
89497
89500
89505
89509
89519
89524
89529
89530
89532
89532
89536
89538
89558
89565
89580
89582
89593
89600
89603
89618
89619
89621
89635
89639
89645
89658
89669
89688
89689
89696
89697
89699
89706
89726
89729
89734
89751
89751
89752
89778
89783
89792
89795
89800
89805
89823
89836
89844
89845
89846
89847
89858
89860
89862
89866
89869
89872
89875
89876
89881
89887
89903
89912
89929
89932
89940
89940
89941
89954
89998
90002
90005
90008
90033
90043
90043
90050
90051
90057
90067
90075
90076
90083
90099
90123
90129
90133
90144
90156
90168
90170
90184
90184
90207
90222
90222
90236
90251
90264
90265
90271
90272
90288
90302
90303
90335
90336
90343
90381
90387
90437
90459
90465
90477
90478
90487
90502
90524
90529
90545
90546
90560
90572
90580
90588
90594
90594
90608
90619
90620
90649
90655
90655
90670
90690
90690
90691
90700
90705
90706
90733
90735
90736
90738
90744
90746
90746
90748
90766
90770
90797
90800
90817
90819
90824
90847
90851
90851
90854
90855
90857
90860
90865
90865
90885
90928
90980
90983
90985
90989
91024
91036
91040
91043
91046
91053
91059
91059
91062
91077
91087
91094
91119
91127
91136
91147
91151
91158
91159
91172
91177
91192
91194
91195
91196
91208
91211
91224
91231
91232
91235
91235
91289
91300
91310
91319
91322
91334
91354
91371
91393
91396
91396
91419
91444
91447
91451
91458
91468
91474
91486
91500
91501
91510
91520
91520
91545
91547
91564
91575
91599
91609
91617
91633
91645
91645
91645
91664
91674
91697
91702
91736
91748
91758
91759
91762
91763
91765
91768
91780
91781
91788
91794
91799
91801
91809
91812
91824
91839
91840
91845
91851
91854
91865
91870
91870
91924
91926
91932
91940
91948
91973
91973
91989
91997
92008
92020
92048
92073
92076
92089
92094
92103
92133
92165
92170
92170
92182
92185
92199
92200
92201
92210
92211
92211
92217
92220
92246
92265
92272
92275
92278
92303
92305
92308
92312
92327
92327
92340
92344
92347
92348
92351
92388
92390
92396
92438
92465
92471
92483
92483
92492
92507
92511
92519
92529
92536
92539
92543
92549
92549
92555
92560
92571
92583
92586
92600
92602
92603
92609
92651
92667
92678
92682
92705
92716
92718
92737
92748
92764
92777
92794
92807
92812
92813
92839
92866
92885
92902
92906
92924
92939
92941
92955
92986
92989
92991
93000
93011
93014
93014
93031
93033
93034
93045
93069
93071
93082
93087
93098
93109
93110
93113
93114
93128
93130
93145
93149
93164
93175
93184
93188
93198
93216
93225
93255
93260
93267
93285
93288
93297
93309
93334
93340
93348
93402
93410
93411
93412
93445
93447
93466
93469
93480
93497
93502
93522
93526
93530
93552
93553
93557
93560
93563
93590
93602
93627
93639
93640
93683
93691
93692
93703
93708
93714
93718
93725
93733
93743
93756
93757
93766
93770
93783
93789
93797
93800
93802
93804
93812
93822
93829
93845
93848
93850
93854
93859
93864
93864
93874
93885
93891
93913
93914
93935
93939
93950
93951
93996
94013
94014
94030
94053
94060
94062
94071
94075
94091
94108
94110
94120
94121
94123
94125
94126
94134
94139
94147
94150
94166
94168
94191
94193
94283
94284
94290
94291
94292
94310
94317
94325
94362
94374
94378
94420
94425
94431
94445
94458
94468
94469
94470
94475
94488
94489
94515
94517
94524
94539
94564
94572
94585
94592
94593
94600
94608
94609
94618
94623
94623
94632
94648
94654
94691
94698
94713
94715
94727
94728
94748
94748
94754
94771
94786
94791
94805
94806
94810
94839
94852
94856
94858
94863
94887
94946
94951
94951
94954
94975
95026
95044
95051
95052
95054
95064
95068
95070
95096
95123
95173
95178
95179
95185
95189
95209
95220
95221
95229
95232
95232
95234
95243
95248
95259
95279
95306
95322
95332
95333
95355
95368
95380
95390
95399
95406
95416
95423
95432
95443
95445
95448
95456
95471
95479
95499
95500
95525
95527
95552
95552
95560
95561
95563
95565
95566
95568
95580
95590
95595
95598
95603
95606
95610
95625
95637
95649
95655
95659
95665
95667
95676
95694
95696
95710
95723
95737
95794
95815
95829
95832
95836
95847
95864
95874
95875
95889
95896
95912
95914
95939
95943
95978
95990
95991
96002
96004
96013
96014
96028
96061
96063
96065
96075
96104
96112
96115
96132
96163
96205
96222
96250
96252
96255
96265
96266
96314
96319
96339
96344
96347
96349
96369
96374
96394
96397
96397
96414
96445
96476
96477
96479
96482
96495
96495
96502
96503
96508
96511
96512
96517
96536
96545
96554
96562
96569
96583
96586
96588
96591
96599
96601
96653
96669
96703
96729
96743
96748
96756
96774
96795
96797
96802
96818
96824
96836
96843
96845
96869
96889
96891
96892
96901
96906
96906
96913
96916
96925
96927
96934
96961
96961
96966
96982
96984
96984
96989
96993
97004
97007
97013
97019
97020
97049
97053
97073
97075
97082
97084
97091
97104
97119
97123
97124
97133
97133
97134
97135
97141
97145
97159
97161
97181
97189
97189
97226
97236
97241
97254
97263
97274
97277
97279
97294
97303
97311
97312
97322
97325
97328
97334
97336
97342
97345
97346
97358
97361
97368
97372
97372
97376
97410
97423
97448
97452
97472
97474
97487
97548
97552
97553
97559
97585
97604
97604
97618
97629
97645
97647
97683
97693
97695
97705
97730
97737
97737
97740
97740
97750
97751
97763
97789
97806
97808
97826
97859
97861
97866
97874
97891
97901
97929
97940
97948
97965
97977
97983
97986
98002
98006
98025
98026
98039
98045
98049
98053
98061
98061
98069
98071
98083
98110
98110
98111
98118
98141
98151
98161
98164
98167
98169
98179
98181
98185
98189
98190
98191
98203
98208
98208
98214
98222
98229
98284
98304
98338
98340
98349
98354
98356
98366
98367
98412
98423
98428
98434
98457
98465
98469
98480
98492
98499
98503
98515
98528
98545
98550
98566
98571
98582
98618
98636
98641
98652
98669
98674
98704
98713
98714
98714
98727
98742
98746
98761
98775
98789
98793
98830
98848
98871
98879
98880
98882
98886
98888
98900
98904
98907
98920
98937
98940
98944
98951
98960
98961
98965
98965
98998
99002
99012
99014
99034
99042
99071
99080
99112
99142
99150
99155
99184
99223
99227
99230
99241
99241
99241
99244
99256
99265
99274
99280
99284
99284
99299
99310
99314
99314
99317
99321
99322
99325
99328
99356
99358
99365
99368
99374
99389
99390
99393
99398
99399
99410
99430
99437
99444
99449
99451
99456
99462
99489
99495
99501
99525
99544
99548
99570
99572
99582
99584
99590
99591
99592
99597
99636
99664
99681
99695
99698
99702
99704
99706
99707
99712
99714
99715
99716
99731
99732
99752
99762
99765
99771
99772
99774
99777
99780
99789
99814
99823
99831
99844
99861
99863
99866
99869
99879
99881
99905
99912
99929
99949
99949
99956
99960
99961
99987
100000
