5
9
46
51
55
75
87
88
106
126
127
129
135
157
159
174
185
190
202
223
226
233
234
243
253
272
297
304
306
319
320
336
345
370
374
392
393
398
423
423
426
459
460
461
481
488
495
498
511
528
536
538
551
570
589
593
601
639
653
666
675
693
693
703
704
713
715
723
727
727
727
730
730
742
762
763
772
773
782
789
810
836
845
865
867
872
874
890
898
899
922
931
942
942
943
950
957
962
966
981
1022
1034
1043
1043
1059
1067
1082
1087
1096
1115
1116
1127
1133
1138
1143
1144
1172
1175
1197
1220
1223
1227
1230
1243
1246
1251
1257
1265
1309
1328
1330
1333
1335
1347
1353
1360
1361
1372
1373
1394
1395
1396
1399
1418
1441
1450
1458
1459
1464
1467
1478
1490
1493
1493
1512
1518
1519
1524
1529
1539
1544
1547
1549
1561
1562
1563
1564
1574
1609
1613
1628
1648
1651
1653
1660
1674
1689
1697
1698
1722
1740
1741
1749
1757
1766
1779
1782
1813
1822
1828
1832
1843
1852
1876
1876
1877
1882
1916
1941
1944
1948
1950
1970
1972
1991
1995
2000
2020
2021
2032
2047
2068
2077
2080
2082
2087
2104
2110
2114
2120
2124
2129
2135
2136
2145
2168
2175
2195
2213
2233
2238
2238
2259
2260
2266
2272
2292
2295
2307
2317
2374
2375
2375
2382
2402
2417
2421
2431
2499
2504
2506
2521
2525
2533
2546
2582
2588
2605
2612
2631
2640
2692
2696
2703
2713
2721
2730
2734
2738
2749
2752
2753
2761
2772
2796
2798
2808
2812
2813
2818
2828
2853
2871
2873
2874
2876
2878
2892
2921
2933
2979
2983
3010
3013
3017
3035
3064
3084
3090
3093
3095
3102
3106
3108
3121
3154
3167
3197
3203
3211
3211
3213
3222
3262
3262
3280
3297
3317
3318
3321
3340
3343
3348
3348
3358
3363
3366
3374
3376
3376
3395
3429
3430
3446
3452
3454
3458
3472
3475
3476
3488
3500
3513
3529
3541
3580
3585
3589
3597
3600
3601
3608
3623
3629
3631
3643
3663
3669
3675
3688
3698
3707
3710
3723
3737
3739
3740
3768
3784
3815
3833
3836
3852
3853
3881
3883
3892
3896
3912
3946
3950
3968
3971
3975
3984
3991
4002
4002
4012
4017
4021
4026
4057
4060
4062
4085
4102
4104
4109
4119
4131
4139
4154
4154
4172
4177
4178
4187
4193
4197
4218
4222
4233
4239
4239
4249
4249
4251
4268
4282
4288
4298
4300
4304
4326
4332
4335
4346
4349
4352
4352
4354
4371
4388
4410
4426
4442
4445
4447
4452
4462
4464
4484
4489
4525
4552
4561
4581
4596
4602
4603
4607
4624
4629
4630
4638
4640
4646
4646
4657
4659
4676
4683
4702
4730
4739
4743
4766
4776
4776
4782
4787
4789
4791
4795
4862
4881
4942
4958
4970
4977
4979
4983
4986
4989
4992
4993
4996
5001
5008
5029
5038
5074
5079
5114
5125
5130
5152
5184
5189
5198
5199
5217
5218
5232
5243
5254
5272
5283
5297
5303
5306
5317
5320
5328
5332
5342
5347
5349
5352
5358
5370
5372
5382
5384
5393
5394
5394
5414
5438
5463
5471
5483
5508
5511
5514
5536
5540
5540
5542
5554
5560
5582
5585
5591
5599
5611
5611
5647
5677
5682
5708
5727
5739
5744
5745
5762
5775
5778
5791
5797
5803
5833
5846
5872
5877
5917
5919
5921
5923
5946
5950
5974
6006
6008
6016
6034
6036
6038
6039
6045
6054
6063
6069
6070
6071
6077
6080
6083
6083
6083
6129
6131
6136
6143
6161
6172
6179
6180
6184
6190
6202
6234
6237
6238
6241
6242
6247
6260
6269
6270
6275
6284
6288
6299
6299
6302
6313
6319
6336
6374
6377
6386
6391
6399
6420
6432
6433
6436
6472
6472
6478
6486
6490
6494
6530
6536
6559
6572
6576
6584
6591
6592
6595
6595
6599
6604
6634
6636
6657
6680
6689
6690
6699
6700
6701
6703
6703
6706
6709
6734
6747
6761
6762
6776
6786
6795
6821
6825
6825
6835
6836
6836
6858
6861
6866
6884
6917
6923
6923
6926
6951
6956
6960
6970
6987
6999
7003
7011
7014
7019
7024
7026
7029
7051
7053
7072
7074
7092
7093
7113
7114
7119
7119
7126
7148
7150
7174
7193
7196
7230
7236
7249
7265
7278
7279
7289
7298
7312
7336
7344
7370
7370
7370
7380
7382
7385
7387
7419
7427
7432
7460
7481
7487
7489
7501
7508
7519
7539
7546
7551
7563
7579
7586
7594
7613
7617
7628
7630
7635
7644
7650
7671
7672
7682
7682
7690
7713
7721
7733
7733
7743
7748
7782
7800
7818
7825
7852
7858
7866
7889
7890
7894
7898
7909
7914
7938
7940
7946
7966
7972
7986
8000
8002
8005
8005
8016
8023
8051
8060
8062
8072
8090
8094
8099
8123
8126
8128
8129
8140
8143
8149
8178
8200
8205
8206
8216
8228
8228
8251
8268
8273
8280
8298
8329
8336
8353
8354
8361
8363
8369
8377
8397
8397
8399
8399
8405
8405
8410
8431
8440
8443
8443
8458
8459
8476
8479
8479
8483
8522
8524
8529
8530
8563
8568
8575
8579
8580
8580
8601
8601
8605
8605
8620
8623
8628
8642
8645
8649
8650
8664
8678
8683
8686
8709
8713
8717
8723
8740
8745
8779
8783
8786
8790
8797
8806
8828
8832
8836
8837
8839
8841
8843
8852
8854
8855
8858
8861
8866
8868
8872
8885
8894
8895
8922
8922
8925
8934
8944
8949
8958
8967
8974
8994
9013
9013
9022
9029
9038
9042
9052
9053
9058
9073
9084
9107
9117
9120
9136
9147
9161
9178
9179
9184
9186
9186
9193
9198
9203
9218
9247
9247
9247
9257
9263
9270
9317
9321
9322
9331
9335
9338
9338
9339
9355
9378
9389
9407
9425
9479
9487
9493
9493
9495
9498
9502
9503
9507
9508
9521
9524
9525
9530
9531
9531
9533
9534
9542
9547
9547
9548
9561
9566
9584
9598
9613
9621
9651
9679
9700
9706
9713
9717
9720
9730
9743
9746
9748
9763
9771
9778
9782
9814
9814
9822
9824
9838
9839
9858
9876
9883
9889
9890
9891
9891
9891
9947
9958
9964
9990
9991
10020
10027
10035
10051
10053
10053
10061
10087
10093
10103
10126
10142
10156
10160
10182
10194
10199
10216
10231
10233
10241
10242
10252
10253
10277
10278
10294
10299
10301
10302
10316
10337
10345
10346
10353
10368
10372
10392
10400
10408
10419
10431
10435
10444
10451
10457
10466
10488
10510
10521
10533
10535
10545
10550
10567
10572
10581
10590
10591
10608
10612
10619
10623
10639
10653
10689
10695
10697
10706
10707
10709
10738
10743
10747
10749
10753
10761
10770
10786
10786
10788
10807
10815
10817
10822
10855
10858
10865
10869
10870
10870
10877
10883
10885
10890
10891
10897
10900
10903
10946
10955
10965
10973
10987
10998
11001
11008
11014
11027
11029
11032
11057
11064
11074
11083
11091
11119
11146
11172
11176
11177
11190
11192
11208
11214
11237
11240
11266
11270
11272
11278
11291
11293
11311
11319
11339
11341
11349
11360
11362
11362
11369
11375
11394
11412
11414
11437
11440
11445
11448
11448
11466
11475
11487
11493
11502
11518
11520
11523
11562
11563
11564
11567
11568
11570
11578
11578
11583
11586
11589
11597
11600
11603
11608
11614
11619
11663
11672
11703
11707
11712
11713
11715
11727
11749
11760
11761
11766
11779
11801
11816
11818
11819
11844
11850
11864
11865
11865
11878
11917
11921
11939
11958
11967
11968
11973
11973
11983
11985
11986
11992
11997
12022
12024
12029
12035
12052
12055
12061
12062
12067
12074
12080
12081
12085
12099
12106
12114
12118
12132
12134
12144
12163
12167
12173
12177
12184
12198
12206
12239
12249
12250
12254
12279
12284
12288
12297
12299
12308
12308
12309
12316
12362
12366
12392
12393
12395
12401
12408
12415
12441
12443
12449
12451
12453
12460
12462
12464
12477
12486
12498
12532
12554
12558
12562
12567
12570
12577
12586
12629
12632
12652
12653
12657
12660
12669
12691
12700
12723
12726
12728
12738
12743
12767
12782
12787
12793
12800
12805
12806
12809
12831
12831
12838
12857
12862
12876
12887
12888
12890
12895
12914
12926
12933
12944
12944
12946
12972
12985
13013
13035
13035
13037
13039
13052
13057
13057
13061
13064
13065
13072
13087
13088
13103
13108
13129
13131
13132
13133
13140
13144
13149
13151
13153
13176
13181
13196
13211
13213
13245
13245
13253
13254
13264
13266
13276
13280
13281
13331
13333
13347
13351
13379
13396
13406
13411
13420
13440
13444
13448
13468
13500
13514
13519
13519
13529
13538
13571
13572
13574
13583
13586
13596
13604
13627
13629
13642
13651
13656
13664
13667
13673
13676
13676
13680
13690
13692
13698
13706
13729
13739
13744
13750
13753
13765
13775
13816
13841
13842
13851
13853
13854
13878
13895
13899
13913
13921
13935
13957
13957
13969
13977
13995
13999
14000
14028
14036
14040
14045
14049
14051
14057
14059
14066
14086
14087
14089
14098
14104
14110
14132
14157
14166
14172
14202
14213
14227
14229
14232
14243
14245
14257
14270
14307
14313
14324
14328
14333
14337
14339
14342
14354
14356
14360
14362
14382
14404
14405
14408
14429
14451
14458
14476
14482
14488
14490
14492
14493
14495
14502
14520
14544
14545
14554
14561
14566
14575
14583
14586
14622
14633
14635
14638
14663
14679
14716
14719
14725
14726
14726
14746
14796
14797
14799
14799
14800
14810
14813
14814
14814
14819
14821
14825
14838
14854
14859
14884
14901
14918
14919
14928
14936
14940
14942
14943
14944
14950
14963
14999
15008
15013
15024
15024
15031
15038
15040
15053
15061
15083
15084
15092
15094
15098
15109
15121
15128
15139
15142
15150
15170
15226
15233
15258
15265
15266
15273
15319
15328
15330
15349
15351
15362
15370
15380
15394
15402
15415
15432
15437
15445
15447
15449
15456
15457
15459
15522
15528
15531
15532
15538
15547
15548
15548
15576
15578
15581
15597
15605
15641
15645
15646
15651
15682
15685
15707
15714
15719
15720
15733
15735
15739
15765
15789
15793
15805
15813
15824
15827
15869
15880
15915
15933
15938
15955
15983
15988
16011
16014
16032
16035
16037
16039
16041
16048
16050
16056
16057
16058
16060
16069
16096
16099
16100
16102
16109
16111
16133
16150
16189
16191
16265
16277
16295
16299
16314
16319
16327
16348
16353
16362
16366
16366
16389
16391
16405
16407
16424
16428
16491
16498
16500
16508
16509
16509
16515
16520
16524
16526
16528
16547
16568
16569
16571
16574
16610
16618
16621
16630
16633
16635
16642
16649
16655
16666
16667
16669
16676
16694
16717
16721
16724
16725
16769
16776
16782
16808
16813
16816
16817
16839
16842
16843
16844
16874
16899
16903
16915
16935
16947
16951
16953
16957
16961
16986
16987
17004
17010
17023
17029
17036
17036
17045
17055
17072
17073
17075
17080
17090
17109
17126
17137
17143
17152
17176
17177
17183
17185
17200
17209
17221
17225
17228
17234
17239
17242
17260
17262
17267
17274
17318
17345
17382
17386
17389
17393
17415
17424
17425
17448
17454
17467
17473
17491
17492
17512
17517
17519
17524
17535
17538
17547
17552
17568
17587
17588
17592
17603
17611
17618
17640
17653
17657
17669
17682
17694
17703
17717
17726
17734
17769
17770
17776
17799
17836
17839
17845
17869
17879
17887
17887
17889
17906
17912
17939
17955
17960
17984
17993
18022
18026
18031
18033
18055
18066
18072
18072
18094
18099
18109
18116
18129
18167
18171
18194
18203
18205
18212
18216
18246
18266
18269
18286
18295
18302
18303
18333
18337
18408
18408
18419
18420
18432
18485
18486
18486
18491
18502
18510
18514
18565
18566
18567
18578
18579
18588
18596
18610
18610
18628
18632
18671
18681
18683
18684
18700
18702
18708
18711
18719
18738
18744
18760
18762
18777
18778
18781
18796
18800
18805
18814
18828
18841
18863
18864
18872
18884
18895
18896
18896
18906
18920
18933
18936
18941
18951
18960
18970
18971
18983
18989
18990
19000
19003
19004
19046
19051
19051
19057
19061
19062
19094
19105
19105
19107
19112
19125
19149
19152
19153
19165
19175
19176
19200
19207
19218
19256
19258
19323
19329
19330
19334
19344
19366
19404
19412
19416
19431
19464
19468
19474
19475
19477
19489
19494
19505
19511
19513
19527
19530
19558
19565
19575
19576
19579
19599
19604
19610
19613
19618
19621
19626
19629
19640
19642
19655
19675
19680
19688
19693
19693
19700
19701
19726
19751
19756
19770
19771
19772
19780
19802
19807
19818
19826
19835
19838
19839
19853
19860
19877
19912
19914
19924
19952
19958
19958
19967
19974
19974
19975
19978
19981
19992
20004
20018
20029
20050
20057
20068
20097
20103
20135
20143
20146
20155
20158
20174
20176
20180
20184
20192
20192
20206
20215
20218
20219
20235
20236
20239
20250
20269
20285
20286
20292
20323
20345
20347
20360
20373
20381
20383
20402
20409
20419
20432
20441
20441
20443
20446
20474
20498
20508
20517
20524
20534
20535
20547
20558
20565
20572
20599
20602
20606
20608
20614
20617
20638
20640
20657
20685
20688
20701
20710
20716
20726
20778
20785
20792
20796
20801
20839
20878
20881
20881
20885
20895
20902
20902
20903
20926
20942
20950
20952
20953
20955
20958
20965
20965
20982
20984
21011
21018
21027
21051
21055
21060
21061
21085
21094
21098
21100
21109
21114
21119
21129
21139
21153
21215
21223
21224
21226
21258
21260
21262
21267
21271
21289
21291
21296
21306
21327
21330
21333
21356
21365
21383
21388
21398
21398
21402
21403
21411
21412
21412
21422
21435
21436
21438
21439
21440
21441
21444
21453
21468
21470
21493
21503
21508
21512
21514
21515
21518
21522
21530
21530
21546
21561
21565
21573
21579
21615
21630
21649
21657
21665
21666
21667
21676
21677
21704
21720
21724
21750
21754
21758
21761
21762
21767
21789
21791
21793
21803
21806
21806
21821
21826
21864
21867
21884
21904
21907
21910
21914
21932
21933
21950
21956
21989
22004
22004
22010
22031
22037
22054
22061
22065
22065
22074
22079
22086
22087
22098
22108
22132
22136
22163
22163
22167
22176
22176
22180
22189
22223
22227
22231
22252
22254
22257
22261
22271
22271
22273
22288
22292
22298
22300
22301
22303
22318
22321
22330
22334
22364
22364
22368
22377
22377
22394
22408
22434
22452
22458
22459
22478
22478
22495
22521
22521
22525
22529
22532
22533
22558
22563
22588
22592
22593
22601
22608
22623
22627
22649
22655
22661
22666
22689
22705
22714
22757
22759
22792
22794
22796
22819
22823
22833
22836
22847
22870
22874
22878
22879
22880
22883
22901
22906
22906
22933
22954
22961
22976
22999
23029
23040
23058
23063
23079
23083
23086
23099
23109
23111
23133
23147
23149
23152
23158
23177
23190
23193
23195
23203
23212
23213
23228
23230
23232
23246
23263
23283
23351
23351
23361
23371
23380
23394
23404
23404
23415
23422
23428
23428
23433
23434
23435
23444
23451
23458
23458
23475
23478
23481
23503
23518
23520
23524
23529
23535
23540
23550
23550
23554
23557
23567
23578
23580
23585
23590
23590
23591
23608
23640
23659
23692
23712
23716
23761
23762
23779
23793
23805
23810
23816
23822
23836
23866
23874
23876
23881
23883
23891
23904
23905
23914
23919
23930
23934
23940
23954
23962
23962
23976
23995
24001
24014
24023
24034
24074
24075
24082
24116
24127
24148
24155
24167
24186
24198
24200
24210
24251
24258
24279
24284
24291
24306
24331
24333
24336
24337
24353
24355
24357
24361
24364
24368
24377
24398
24420
24432
24434
24446
24447
24451
24463
24466
24466
24473
24480
24481
24486
24492
24505
24509
24519
24523
24550
24552
24552
24585
24592
24594
24637
24638
24674
24675
24678
24683
24683
24752
24764
24770
24815
24819
24853
24875
24877
24899
24900
24907
24924
24924
24932
24933
24938
24939
25007
25026
25029
25038
25039
25040
25041
25064
25065
25094
25099
25101
25115
25128
25136
25160
25181
25194
25197
25199
25236
25255
25257
25266
25275
25276
25279
25281
25300
25302
25309
25320
25354
25380
25398
25427
25443
25448
25451
25458
25478
25483
25488
25491
25502
25509
25515
25521
25523
25525
25532
25535
25540
25541
25544
25544
25560
25568
25573
25595
25617
25623
25636
25648
25652
25661
25677
25678
25687
25699
25705
25715
25720
25733
25735
25745
25750
25751
25751
25752
25753
25797
25799
25805
25813
25841
25845
25852
25864
25871
25904
25917
25917
25954
25980
25992
25999
26015
26015
26029
26043
26044
26081
26108
26110
26115
26119
26121
26124
26147
26168
26184
26187
26196
26203
26210
26221
26227
26230
26231
26233
26237
26252
26268
26276
26277
26277
26279
26303
26303
26306
26326
26349
26350
26358
26379
26388
26393
26398
26419
26424
26433
26439
26440
26466
26470
26488
26491
26501
26509
26518
26536
26541
26553
26561
26570
26573
26591
26630
26650
26652
26671
26706
26706
26713
26737
26749
26750
26756
26787
26831
26838
26841
26850
26854
26871
26875
26892
26901
26905
26906
26913
26914
26925
26939
26940
26950
26966
26975
26995
26996
27010
27019
27039
27041
27064
27067
27070
27072
27074
27086
27087
27104
27124
27137
27139
27145
27152
27177
27178
27209
27216
27225
27225
27230
27232
27251
27310
27330
27333
27338
27349
27365
27370
27376
27378
27378
27403
27408
27436
27437
27481
27503
27515
27523
27566
27574
27574
27587
27589
27591
27594
27611
27615
27625
27658
27666
27670
27670
27682
27693
27699
27705
27706
27710
27736
27741
27742
27748
27755
27777
27783
27808
27813
27850
27850
27855
27858
27871
27899
27915
27931
27957
27969
27971
27985
28003
28012
28033
28042
28058
28059
28063
28069
28073
28090
28093
28095
28103
28106
28117
28122
28126
28137
28162
28164
28164
28168
28171
28182
28191
28194
28200
28219
28231
28236
28239
28258
28266
28275
28289
28293
28295
28308
28324
28332
28332
28333
28350
28351
28354
28357
28362
28371
28385
28386
28394
28430
28462
28462
28476
28486
28487
28503
28504
28534
28550
28556
28558
28560
28561
28572
28574
28590
28590
28592
28595
28595
28611
28612
28623
28654
28657
28666
28686
28691
28702
28751
28762
28776
28779
28781
28792
28794
28802
28802
28803
28827
28828
28840
28868
28890
28930
28933
28936
28937
28942
28950
28951
28953
28974
28987
28987
28989
28997
29022
29031
29038
29039
29041
29045
29047
29052
29081
29093
29094
29095
29101
29101
29110
29122
29141
29159
29167
29169
29181
29182
29187
29191
29199
29215
29217
29240
29241
29258
29263
29271
29297
29323
29324
29326
29337
29383
29410
29427
29439
29459
29459
29464
29469
29487
29504
29513
29515
29533
29542
29561
29570
29582
29597
29599
29605
29605
29609
29616
29622
29637
29650
29663
29670
29674
29679
29683
29694
29708
29723
29733
29737
29753
29781
29784
29785
29785
29801
29822
29822
29826
29834
29835
29845
29862
29866
29870
29870
29876
29880
29888
29906
29910
29913
29914
29932
29934
29937
29941
29966
29973
29998
30003
30005
30020
30026
30027
30029
30032
30038
30057
30070
30071
30076
30079
30081
30084
30101
30118
30121
30137
30138
30149
30150
30157
30162
30180
30238
30247
30284
30307
30326
30350
30352
30354
30358
30370
30370
30384
30417
30428
30433
30440
30441
30443
30444
30451
30453
30456
30478
30483
30487
30502
30505
30506
30510
30513
30514
30526
30533
30533
30536
30542
30545
30551
30570
30571
30595
30598
30599
30608
30619
30627
30634
30637
30669
30681
30683
30686
30693
30699
30726
30732
30735
30751
30758
30760
30760
30760
30762
30763
30764
30766
30768
30773
30787
30791
30798
30811
30811
30825
30836
30839
30858
30865
30872
30881
30901
30907
30908
30915
30934
30951
30958
30979
30980
30982
30999
31008
31008
31009
31019
31034
31044
31045
31049
31052
31052
31078
31094
31101
31106
31106
31113
31132
31145
31150
31159
31160
31161
31167
31168
31172
31179
31183
31184
31200
31206
31213
31216
31248
31261
31262
31278
31278
31293
31300
31332
31337
31341
31351
31353
31363
31371
31373
31382
31395
31396
31400
31406
31415
31418
31419
31425
31440
31460
31472
31485
31542
31552
31556
31560
31562
31572
31574
31582
31606
31634
31676
31686
31686
31694
31710
31710
31720
31723
31723
31724
31742
31748
31752
31755
31768
31769
31781
31785
31790
31799
31810
31828
31846
31847
31867
31878
31889
31903
31904
31931
31940
31946
31947
31952
31974
31976
31988
31994
32015
32022
32023
32043
32056
32067
32100
32111
32130
32133
32146
32159
32181
32185
32186
32187
32206
32212
32225
32247
32254
32255
32263
32274
32276
32284
32310
32311
32315
32319
32321
32325
32325
32334
32338
32341
32354
32358
32363
32365
32370
32373
32387
32393
32407
32437
32456
32456
32458
32465
32469
32491
32507
32507
32508
32517
32537
32545
32548
32549
32559
32581
32589
32601
32605
32613
32657
32661
32669
32679
32701
32702
32739
32746
32761
32770
32805
32818
32854
32869
32872
32884
32886
32893
32894
32920
32954
32960
32970
32986
32986
32999
33014
33028
33029
33029
33033
33040
33043
33062
33067
33074
33076
33090
33091
33103
33109
33139
33149
33151
33156
33162
33169
33180
33206
33207
33219
33220
33222
33233
33244
33249
33282
33287
33287
33304
33352
33356
33363
33364
33372
33385
33397
33418
33425
33460
33464
33476
33478
33485
33489
33517
33520
33522
33527
33532
33548
33555
33558
33558
33562
33565
33565
33569
33574
33581
33597
33652
33653
33655
33666
33678
33680
33707
33719
33730
33740
33743
33746
33786
33794
33809
33820
33836
33850
33858
33860
33875
33876
33876
33900
33904
33907
33909
33922
33935
33947
33956
33963
33967
33969
33976
33978
33980
33989
33999
34033
34038
34043
34048
34052
34056
34061
34064
34074
34075
34076
34082
34083
34089
34092
34093
34096
34106
34121
34128
34136
34142
34152
34154
34156
34161
34186
34191
34195
34198
34202
34204
34209
34228
34239
34252
34258
34263
34268
34268
34271
34277
34281
34286
34291
34297
34315
34321
34321
34350
34383
34387
34397
34410
34445
34457
34466
34484
34495
34496
34505
34508
34512
34516
34540
34543
34550
34556
34558
34561
34563
34588
34595
34595
34613
34617
34631
34647
34658
34664
34672
34683
34684
34689
34694
34718
34727
34735
34746
34759
34767
34786
34787
34807
34825
34835
34839
34842
34870
34881
34883
34883
34886
34905
34906
34911
34920
34923
34931
34947
34955
34975
34998
35010
35014
35028
35044
35050
35051
35052
35053
35067
35067
35095
35115
35122
35126
35131
35136
35137
35145
35151
35152
35152
35163
35178
35178
35192
35212
35213
35214
35220
35230
35241
35262
35266
35275
35276
35281
35283
35295
35311
35339
35348
35351
35352
35362
35408
35411
35462
35463
35468
35483
35484
35501
35509
35512
35520
35520
35522
35527
35545
35554
35578
35603
35603
35615
35643
35655
35660
35664
35666
35675
35678
35690
35713
35741
35744
35756
35766
35773
35776
35811
35811
35819
35821
35841
35842
35884
35933
35933
35934
35935
35948
35979
35996
35998
36018
36032
36038
36042
36047
36062
36065
36071
36090
36091
36110
36121
36125
36127
36169
36172
36175
36177
36190
36198
36206
36235
36247
36262
36263
36277
36285
36299
36302
36302
36311
36318
36322
36330
36336
36355
36359
36376
36388
36394
36409
36410
36412
36441
36447
36453
36472
36482
36487
36489
36508
36517
36537
36550
36569
36582
36589
36598
36598
36624
36625
36631
36638
36640
36643
36659
36670
36672
36705
36720
36725
36725
36737
36747
36751
36757
36765
36770
36786
36788
36819
36825
36828
36829
36842
36848
36851
36877
36891
36907
36928
36928
36935
36940
36948
36957
36959
36967
36970
36983
36985
36993
37008
37024
37063
37065
37074
37075
37092
37107
37141
37154
37170
37173
37176
37179
37186
37189
37202
37218
37221
37222
37244
37262
37272
37278
37287
37309
37313
37320
37322
37327
37330
37333
37337
37361
37365
37366
37372
37376
37376
37378
37379
37382
37388
37397
37398
37412
37417
37428
37439
37460
37476
37498
37506
37524
37525
37526
37549
37551
37557
37573
37584
37591
37599
37611
37626
37655
37664
37669
37689
37736
37739
37758
37777
37781
37782
37793
37798
37810
37829
37837
37841
37850
37862
37880
37882
37884
37886
37888
37892
37895
37896
37897
37904
37943
37945
37963
37980
37984
37989
37991
37995
38006
38016
38030
38033
38037
38053
38076
38078
38117
38119
38128
38130
38133
38137
38148
38156
38195
38202
38209
38222
38225
38226
38248
38250
38259
38271
38280
38304
38320
38321
38353
38353
38358
38363
38364
38367
38378
38387
38401
38405
38414
38426
38428
38428
38428
38466
38492
38494
38499
38507
38512
38515
38520
38520
38524
38536
38571
38584
38606
38610
38610
38617
38624
38627
38639
38643
38653
38680
38687
38692
38710
38724
38733
38744
38746
38765
38765
38813
38815
38826
38827
38847
38879
38884
38891
38906
38915
38916
38917
38918
38920
38940
38960
38965
38981
38982
39019
39032
39043
39049
39071
39119
39137
39151
39164
39194
39202
39240
39241
39241
39256
39256
39277
39280
39303
39313
39315
39322
39323
39323
39328
39333
39341
39350
39352
39354
39358
39362
39380
39380
39383
39388
39396
39413
39417
39420
39423
39424
39424
39456
39460
39462
39462
39475
39505
39506
39516
39525
39536
39555
39556
39572
39572
39574
39579
39583
39587
39589
39598
39601
39617
39620
39624
39628
39647
39651
39672
39673
39682
39683
39691
39720
39730
39750
39759
39776
39798
39803
39824
39825
39856
39905
39908
39934
39943
39943
39953
39974
39982
40007
40025
40031
40043
40047
40070
40082
40089
40096
40102
40112
40124
40135
40145
40147
40158
40199
40214
40219
40220
40225
40234
40241
40249
40251
40252
40264
40269
40278
40278
40292
40297
40304
40328
40335
40338
40346
40355
40357
40365
40374
40383
40385
40399
40409
40410
40418
40418
40419
40450
40452
40454
40462
40464
40476
40478
40478
40479
40485
40492
40500
40526
40533
40535
40539
40542
40543
40556
40556
40564
40564
40575
40582
40586
40595
40604
40614
40624
40629
40662
40665
40671
40723
40725
40725
40727
40742
40754
40754
40761
40767
40771
40791
40792
40811
40813
40819
40822
40838
40844
40864
40870
40877
40877
40903
40914
40918
40948
40951
40951
40957
40959
40960
40974
40979
40979
41002
41010
41031
41034
41043
41064
41083
41097
41099
41099
41104
41122
41126
41136
41142
41154
41158
41161
41187
41211
41219
41224
41262
41285
41289
41296
41297
41299
41323
41333
41336
41360
41361
41367
41375
41376
41397
41424
41425
41433
41440
41447
41489
41493
41501
41518
41525
41556
41563
41579
41590
41595
41601
41620
41624
41631
41637
41645
41645
41674
41685
41708
41714
41716
41716
41730
41733
41738
41751
41755
41788
41797
41810
41822
41846
41860
41863
41896
41902
41912
41913
41921
41924
41929
41932
41958
41986
41987
41987
41991
41992
41993
41997
42001
42023
42031
42034
42037
42043
42049
42055
42059
42066
42095
42118
42134
42140
42141
42167
42171
42178
42179
42185
42189
42195
42208
42211
42212
42216
42219
42222
42240
42240
42254
42254
42266
42279
42283
42288
42296
42311
42327
42338
42351
42356
42357
42368
42372
42388
42389
42394
42395
42399
42428
42454
42471
42479
42493
42504
42519
42524
42525
42531
42535
42544
42545
42546
42547
42551
42553
42574
42581
42622
42635
42680
42734
42743
42746
42746
42757
42777
42797
42799
42809
42815
42867
42892
42898
42901
42906
42907
42930
42949
42954
42979
42984
42994
43002
43012
43027
43044
43056
43098
43105
43134
43150
43156
43164
43167
43180
43184
43190
43208
43220
43239
43242
43244
43248
43255
43255
43266
43270
43273
43295
43316
43337
43340
43384
43399
43419
43422
43441
43444
43447
43452
43462
43466
43470
43474
43475
43498
43499
43508
43509
43522
43531
43547
43570
43578
43580
43605
43608
43619
43654
43661
43665
43669
43678
43700
43702
43702
43706
43708
43717
43720
43721
43733
43753
43758
43767
43774
43788
43804
43805
43811
43841
43846
43927
43940
43943
43981
43991
44003
44019
44036
44044
44053
44064
44070
44071
44077
44088
44092
44110
44113
44117
44118
44134
44152
44160
44164
44175
44189
44192
44196
44219
44221
44222
44252
44253
44254
44264
44266
44274
44274
44292
44307
44308
44327
44337
44355
44366
44383
44387
44400
44408
44419
44438
44445
44461
44474
44534
44536
44539
44565
44583
44586
44590
44641
44677
44691
44700
44706
44709
44716
44760
44761
44771
44786
44789
44803
44808
44810
44822
44846
44854
44856
44869
44874
44878
44894
44901
44909
44917
44926
44926
44930
44940
44951
44961
44980
44998
44999
45014
45018
45021
45040
45050
45065
45068
45077
45094
45097
45103
45132
45136
45161
45166
45178
45213
45218
45234
45240
45250
45260
45281
45283
45283
45283
45301
45309
45313
45326
45337
45345
45356
45362
45373
45377
45381
45383
45391
45394
45405
45422
45426
45431
45438
45440
45458
45467
45484
45492
45495
45509
45519
45520
45531
45539
45539
45546
45584
45587
45591
45637
45638
45646
45655
45661
45675
45678
45684
45696
45701
45709
45712
45713
45718
45725
45730
45737
45740
45745
45758
45758
45765
45768
45786
45805
45806
45815
45827
45836
45838
45839
45861
45862
45867
45886
45923
45923
45927
45928
45933
45940
45943
45947
45948
45958
45978
45983
45991
46000
46004
46019
46030
46032
46060
46068
46076
46079
46083
46088
46111
46121
46126
46136
46140
46151
46163
46182
46188
46198
46200
46200
46209
46223
46241
46268
46308
46311
46362
46365
46372
46378
46385
46401
46404
46409
46421
46425
46425
46432
46433
46435
46452
46459
46465
46466
46469
46475
46485
46489
46514
46517
46523
46531
46546
46551
46571
46576
46596
46616
46634
46637
46644
46648
46662
46677
46698
46717
46731
46739
46752
46772
46781
46787
46804
46807
46808
46812
46813
46836
46838
46865
46874
46879
46923
46926
46935
46956
46959
46975
46998
47003
47004
47027
47046
47049
47051
47066
47067
47072
47089
47113
47124
47145
47146
47151
47153
47173
47177
47182
47190
47193
47194
47195
47197
47200
47211
47226
47230
47231
47235
47236
47241
47244
47255
47268
47269
47272
47287
47293
47309
47317
47320
47347
47351
47352
47424
47433
47436
47442
47454
47456
47463
47468
47490
47518
47529
47529
47530
47531
47539
47548
47556
47565
47573
47604
47614
47619
47630
47637
47665
47672
47697
47708
47729
47735
47793
47802
47808
47834
47849
47867
47924
47942
47946
47952
47961
47966
47979
47986
47989
47993
47994
48001
48004
48008
48023
48044
48056
48058
48061
48068
48076
48083
48098
48139
48143
48145
48157
48158
48183
48207
48216
48221
48228
48233
48235
48236
48250
48251
48260
48282
48292
48294
48295
48303
48329
48345
48357
48359
48374
48375
48396
48403
48433
48440
48444
48449
48475
48486
48490
48492
48494
48496
48497
48500
48501
48509
48528
48545
48560
48560
48565
48566
48572
48586
48589
48591
48592
48605
48619
48623
48630
48635
48665
48672
48734
48735
48743
48758
48768
48785
48792
48794
48808
48827
48840
48853
48869
48905
48906
48933
48939
48939
48944
48961
48961
48967
48968
48991
48991
49017
49036
49045
49046
49051
49059
49073
49079
49104
49112
49116
49122
49123
49140
49157
49164
49167
49169
49174
49190
49215
49230
49241
49249
49250
49251
49259
49271
49282
49291
49296
49308
49310
49313
49322
49345
49345
49357
49359
49386
49394
49397
49407
49408
49408
49409
49416
49431
49432
49466
49471
49490
49510
49517
49519
49520
49541
49568
49594
49613
49618
49631
49640
49642
49647
49650
49650
49651
49655
49657
49667
49681
49706
49714
49717
49724
49738
49758
49763
49766
49770
49771
49778
49785
49805
49808
49811
49823
49825
49838
49843
49848
49862
49876
49876
49878
49886
49901
49902
49904
49912
49930
49946
49958
49973
49976
49984
50011
50026
50029
50034
50085
50090
50093
50116
50123
50133
50139
50159
50165
50177
50180
50203
50204
50222
50226
50242
50281
50283
50294
50303
50307
50315
50329
50344
50346
50353
50359
50400
50427
50428
50428
50438
50439
50463
50465
50465
50466
50480
50483
50485
50485
50489
50528
50546
50558
50568
50589
50668
50679
50693
50702
50711
50723
50752
50763
50769
50769
50801
50817
50830
50853
50860
50860
50895
50900
50909
50920
50931
50944
50958
50960
50961
50963
51002
51004
51007
51010
51018
51021
51023
51027
51030
51038
51042
51063
51069
51073
51079
51103
51112
51114
51122
51123
51123
51129
51132
51134
51140
51146
51182
51186
51186
51205
51244
51254
51257
51260
51265
51288
51302
51347
51351
51354
51355
51363
51368
51383
51413
51419
51420
51420
51421
51426
51440
51449
51452
51454
51455
51458
51466
51470
51470
51493
51496
51501
51517
51523
51530
51531
51585
51599
51602
51624
51664
51666
51674
51680
51682
51690
51709
51718
51719
51732
51741
51749
51758
51763
51779
51838
51855
51872
51876
51876
51897
51898
51900
51901
51903
51910
51916
51935
51937
51973
51987
51991
51992
52000
52007
52015
52024
52030
52032
52055
52056
52061
52063
52075
52083
52097
52101
52127
52131
52132
52144
52160
52164
52174
52175
52182
52184
52184
52185
52202
52236
52261
52263
52271
52271
52297
52303
52304
52309
52342
52346
52363
52380
52386
52387
52391
52406
52411
52423
52444
52456
52458
52486
52487
52494
52496
52511
52516
52521
52529
52543
52545
52547
52555
52569
52575
52594
52594
52610
52626
52629
52638
52646
52653
52680
52689
52727
52750
52750
52775
52804
52814
52817
52818
52819
52833
52840
52842
52855
52860
52870
52884
52884
52888
52900
52917
52917
52925
52926
52932
52947
52961
52963
53013
53015
53026
53030
53037
53044
53047
53098
53102
53102
53107
53130
53154
53172
53186
53202
53252
53262
53269
53301
53317
53320
53321
53340
53341
53347
53352
53355
53358
53365
53390
53399
53404
53407
53407
53407
53420
53429
53441
53459
53466
53478
53478
53484
53514
53520
53528
53536
53538
53564
53612
53618
53625
53628
53631
53636
53640
53643
53651
53657
53661
53662
53663
53673
53677
53681
53686
53704
53707
53708
53713
53715
53718
53735
53757
53761
53767
53770
53771
53790
53814
53836
53858
53890
53896
53898
53903
53903
53907
53923
53942
53945
53989
53995
54005
54016
54019
54022
54023
54035
54050
54051
54075
54080
54085
54089
54113
54114
54133
54139
54144
54150
54161
54188
54191
54198
54226
54235
54241
54248
54261
54261
54267
54267
54268
54278
54296
54304
54308
54312
54319
54325
54345
54353
54373
54394
54410
54420
54427
54435
54446
54448
54450
54455
54456
54464
54473
54477
54485
54492
54507
54507
54523
54524
54528
54533
54536
54538
54538
54552
54567
54577
54597
54598
54635
54640
54644
54648
54659
54668
54669
54672
54683
54684
54697
54709
54710
54712
54725
54726
54727
54735
54740
54783
54786
54804
54821
54845
54861
54862
54870
54872
54873
54879
54879
54887
54909
54924
54942
54962
54963
55001
55005
55014
55031
55036
55042
55051
55052
55054
55073
55077
55096
55098
55103
55121
55131
55133
55143
55144
55149
55151
55165
55173
55176
55193
55201
55204
55212
55215
55237
55238
55242
55257
55257
55258
55267
55279
55281
55289
55289
55290
55292
55309
55311
55319
55330
55341
55363
55382
55385
55392
55427
55435
55448
55467
55488
55523
55547
55555
55568
55577
55578
55582
55606
55620
55647
55669
55693
55693
55703
55708
55710
55714
55724
55728
55745
55791
55808
55808
55844
55855
55856
55891
55893
55893
55910
55939
55962
55971
55972
55973
55984
56001
56003
56011
56019
56022
56029
56048
56056
56059
56061
56083
56089
56089
56093
56098
56102
56106
56114
56115
56123
56138
56138
56143
56149
56153
56157
56158
56160
56167
56177
56179
56206
56207
56218
56233
56268
56273
56281
56287
56321
56325
56326
56343
56351
56352
56366
56376
56382
56401
56420
56425
56431
56442
56452
56458
56473
56474
56505
56513
56524
56555
56561
56561
56587
56588
56597
56598
56619
56620
56621
56627
56628
56644
56652
56657
56659
56667
56688
56695
56700
56703
56712
56726
56755
56756
56761
56763
56774
56792
56827
56831
56834
56853
56856
56864
56865
56870
56883
56900
56905
56910
56910
56911
56916
56922
56930
56938
56952
56981
56985
57000
57006
57008
57025
57032
57033
57036
57068
57086
57095
57096
57096
57098
57099
57123
57125
57132
57141
57143
57147
57147
57157
57166
57169
57173
57193
57238
57260
57292
57333
57335
57337
57341
57361
57363
57367
57373
57376
57382
57387
57388
57388
57401
57402
57405
57407
57408
57415
57427
57455
57456
57476
57484
57518
57521
57537
57540
57557
57565
57570
57572
57579
57581
57595
57595
57596
57598
57618
57625
57630
57637
57645
57680
57690
57699
57703
57715
57717
57718
57739
57749
57754
57773
57777
57791
57795
57814
57831
57833
57847
57853
57871
57891
57892
57893
57901
57908
57958
57961
57963
57974
57979
57984
57994
57996
58005
58009
58063
58064
58074
58102
58111
58111
58119
58119
58149
58156
58157
58161
58161
58164
58168
58182
58183
58203
58216
58216
58227
58231
58234
58245
58245
58255
58278
58302
58312
58315
58319
58321
58332
58378
58383
58395
58398
58403
58406
58422
58423
58426
58427
58455
58486
58490
58501
58507
58511
58512
58517
58521
58537
58538
58547
58549
58565
58569
58586
58613
58613
58614
58621
58631
58634
58636
58642
58667
58670
58691
58720
58721
58725
58729
58738
58739
58740
58763
58765
58766
58769
58769
58779
58791
58793
58802
58809
58819
58825
58854
58856
58863
58875
58915
58934
58961
58980
58991
58993
59016
59026
59030
59034
59035
59038
59057
59064
59088
59092
59103
59118
59122
59125
59139
59150
59179
59191
59197
59198
59199
59214
59217
59227
59244
59263
59267
59268
59272
59313
59317
59338
59357
59381
59396
59411
59412
59420
59431
59451
59459
59467
59476
59489
59508
59514
59527
59531
59533
59552
59560
59562
59582
59589
59590
59603
59606
59611
59623
59630
59636
59676
59698
59701
59714
59772
59778
59803
59820
59825
59830
59852
59855
59856
59856
59873
59874
59876
59884
59888
59894
59898
59905
59912
59913
59913
59917
59931
59933
59934
59938
59938
59962
59963
59964
59966
59980
59982
59985
59992
59999
60000
60001
60006
60023
60023
60024
60038
60049
60068
60092
60094
60097
60105
60111
60120
60126
60128
60142
60150
60153
60155
60167
60192
60208
60209
60223
60226
60230
60238
60252
60253
60256
60261
60290
60301
60305
60307
60322
60327
60371
60386
60424
60428
60428
60432
60436
60444
60445
60448
60452
60468
60499
60515
60516
60534
60541
60555
60556
60571
60572
60585
60599
60603
60626
60633
60634
60640
60669
60669
60700
60730
60743
60744
60766
60775
60785
60804
60812
60814
60826
60853
60865
60870
60880
60881
60892
60894
60895
60902
60905
60923
60960
60974
60981
60982
60997
60998
61008
61020
61028
61037
61054
61072
61076
61094
61109
61112
61120
61124
61131
61149
61165
61166
61170
61176
61185
61188
61208
61212
61214
61230
61231
61239
61272
61274
61277
61285
61294
61296
61304
61305
61317
61324
61327
61336
61343
61347
61352
61357
61381
61385
61385
61413
61418
61421
61465
61470
61475
61493
61495
61495
61504
61505
61507
61509
61540
61546
61553
61571
61593
61608
61608
61613
61621
61627
61635
61639
61646
61647
61650
61674
61683
61687
61693
61699
61710
61710
61733
61738
61745
61759
61769
61776
61811
61824
61851
61851
61860
61860
61863
61868
61872
61894
61894
61899
61955
61981
61990
61991
62030
62041
62047
62061
62063
62064
62092
62113
62115
62122
62123
62139
62145
62145
62155
62169
62169
62169
62172
62179
62191
62212
62216
62260
62269
62277
62277
62284
62287
62298
62303
62327
62328
62345
62353
62364
62376
62378
62389
62398
62422
62423
62443
62445
62455
62465
62471
62473
62474
62480
62483
62486
62498
62503
62508
62519
62544
62565
62571
62575
62588
62610
62614
62627
62647
62653
62659
62662
62684
62687
62725
62769
62771
62778
62779
62786
62789
62803
62803
62817
62845
62881
62884
62893
62904
62907
62935
62935
62958
62967
62970
62972
62978
62994
62998
63005
63013
63027
63030
63040
63046
63059
63062
63100
63111
63121
63133
63140
63154
63165
63179
63225
63227
63229
63279
63279
63283
63322
63357
63360
63386
63398
63407
63418
63423
63431
63435
63452
63456
63460
63477
63534
63535
63549
63553
63582
63593
63607
63611
63634
63639
63648
63656
63680
63687
63705
63747
63754
63757
63767
63768
63800
63815
63822
63825
63829
63831
63841
63866
63877
63885
63889
63889
63898
63905
63910
63911
63934
63935
63936
63944
63946
63950
63960
63967
63982
63986
63989
64001
64007
64028
64033
64035
64038
64065
64073
64074
64107
64113
64114
64137
64147
64150
64157
64162
64169
64171
64178
64191
64191
64197
64208
64213
64215
64217
64223
64227
64229
64230
64244
64244
64250
64271
64289
64295
64296
64301
64302
64311
64312
64313
64316
64322
64325
64339
64350
64391
64409
64427
64430
64438
64447
64451
64452
64478
64481
64509
64518
64525
64560
64564
64567
64579
64587
64599
64617
64623
64624
64626
64626
64626
64637
64643
64646
64649
64702
64704
64715
64721
64725
64726
64737
64740
64740
64740
64741
64763
64771
64777
64777
64782
64787
64790
64795
64807
64809
64815
64834
64844
64846
64849
64862
64866
64890
64942
64943
64955
64956
64960
64961
64966
64968
64977
64982
64996
65000
65015
65023
65028
65043
65049
65072
65086
65092
65094
65105
65110
65113
65115
65117
65158
65167
65169
65175
65185
65198
65198
65213
65230
65237
65242
65242
65253
65263
65273
65275
65289
65290
65291
65298
65298
65305
65307
65308
65308
65311
65328
65332
65338
65345
65356
65364
65366
65368
65381
65382
65394
65396
65397
65401
65408
65424
65425
65435
65453
65460
65487
65489
65490
65494
65499
65503
65505
65525
65534
65537
65544
65582
65598
65605
65608
65610
65614
65615
65619
65619
65627
65648
65663
65665
65672
65699
65700
65703
65720
65735
65746
65765
65816
65816
65838
65845
65853
65869
65875
65881
65882
65885
65886
65887
65906
65909
65911
65927
65928
65935
65945
65955
65965
65972
65974
65980
65982
66018
66020
66035
66035
66045
66052
66054
66056
66062
66090
66122
66126
66148
66149
66151
66158
66191
66198
66206
66207
66230
66236
66239
66292
66296
66299
66302
66311
66323
66337
66354
66380
66381
66381
66382
66385
66393
66398
66399
66408
66408
66411
66423
66426
66429
66431
66435
66443
66444
66446
66447
66455
66463
66488
66501
66502
66516
66524
66526
66535
66542
66549
66550
66569
66570
66571
66586
66594
66596
66622
66631
66635
66643
66656
66658
66662
66669
66684
66689
66700
66704
66719
66720
66725
66740
66740
66746
66765
66768
66776
66799
66803
66809
66810
66815
66820
66825
66846
66847
66859
66862
66872
66880
66925
66926
66931
66942
66944
66980
66982
66987
67016
67025
67027
67039
67041
67041
67047
67064
67067
67068
67089
67097
67101
67102
67105
67111
67119
67119
67129
67131
67147
67150
67160
67162
67175
67184
67205
67207
67241
67241
67278
67298
67313
67320
67326
67327
67329
67341
67346
67400
67419
67428
67441
67464
67485
67486
67498
67498
67498
67518
67518
67522
67525
67526
67554
67559
67564
67568
67569
67578
67579
67580
67609
67610
67613
67614
67617
67623
67625
67636
67642
67645
67646
67665
67668
67668
67671
67690
67692
67695
67696
67701
67750
67772
67775
67777
67785
67798
67812
67812
67818
67821
67824
67833
67838
67849
67884
67890
67890
67906
67912
67913
67921
67923
67935
67941
67956
67957
67960
67964
67999
67999
68001
68005
68024
68030
68036
68045
68067
68078
68084
68102
68107
68110
68118
68129
68147
68159
68161
68161
68177
68203
68209
68213
68229
68229
68236
68263
68271
68293
68307
68313
68321
68339
68387
68402
68404
68410
68416
68417
68428
68433
68435
68439
68448
68453
68493
68495
68505
68519
68529
68543
68554
68558
68582
68595
68629
68635
68635
68639
68640
68671
68672
68678
68693
68701
68731
68735
68751
68763
68766
68772
68780
68787
68792
68797
68797
68803
68811
68817
68823
68832
68878
68883
68885
68893
68898
68912
68912
68917
68917
68924
68943
68943
68947
68955
68966
68982
68983
68985
69008
69015
69025
69029
69032
69055
69067
69076
69083
69097
69103
69117
69131
69155
69167
69171
69173
69176
69180
69183
69191
69193
69198
69203
69214
69232
69244
69245
69247
69259
69269
69274
69280
69302
69308
69324
69332
69339
69348
69375
69383
69404
69406
69407
69407
69431
69436
69437
69440
69448
69467
69482
69483
69495
69497
69511
69514
69526
69528
69534
69539
69552
69552
69553
69555
69558
69561
69562
69563
69594
69598
69607
69609
69610
69617
69630
69644
69648
69652
69672
69672
69683
69696
69716
69729
69733
69735
69747
69754
69758
69762
69762
69777
69782
69785
69796
69796
69806
69806
69807
69825
69836
69924
69955
69957
69958
69990
69993
70012
70014
70016
70017
70028
70036
70037
70039
70056
70061
70066
70083
70096
70098
70110
70125
70127
70133
70133
70139
70149
70179
70183
70197
70223
70225
70225
70231
70232
70242
70244
70280
70286
70287
70301
70302
70317
70322
70334
70334
70345
70359
70368
70371
70399
70400
70401
70405
70430
70431
70447
70486
70487
70501
70502
70504
70510
70516
70522
70524
70530
70533
70538
70550
70557
70577
70602
70607
70612
70614
70615
70617
70624
70629
70635
70652
70655
70664
70670
70684
70684
70696
70725
70728
70734
70748
70775
70787
70819
70820
70843
70848
70867
70871
70883
70885
70904
70907
70914
70928
70931
70934
70935
70935
70939
70947
70959
70976
70986
71002
71010
71051
71059
71070
71071
71080
71095
71103
71104
71109
71113
71136
71152
71166
71184
71207
71217
71225
71258
71270
71270
71278
71309
71312
71313
71342
71344
71366
71370
71381
71389
71390
71421
71432
71432
71433
71438
71452
71478
71483
71484
71497
71498
71532
71537
71545
71558
71565
71569
71601
71614
71617
71619
71644
71646
71648
71659
71665
71667
71681
71691
71700
71709
71710
71717
71737
71740
71743
71745
71751
71755
71760
71764
71779
71784
71785
71821
71828
71831
71844
71849
71857
71863
71888
71888
71888
71890
71905
71916
71918
71921
71933
71933
71943
71950
71954
71979
71984
72023
72028
72030
72036
72038
72055
72055
72063
72067
72069
72074
72099
72100
72115
72140
72151
72169
72170
72176
72190
72200
72213
72222
72242
72249
72249
72263
72282
72289
72316
72322
72332
72332
72333
72341
72346
72352
72362
72374
72376
72395
72410
72413
72417
72428
72458
72465
72483
72503
72508
72510
72532
72532
72537
72555
72577
72577
72586
72586
72587
72589
72604
72612
72615
72615
72618
72620
72637
72670
72674
72682
72712
72714
72721
72727
72735
72742
72748
72753
72762
72776
72777
72809
72819
72823
72833
72856
72864
72880
72884
72890
72891
72902
72909
72910
72923
72924
72930
72931
72939
72959
72966
72974
72975
72995
72996
72998
73006
73015
73026
73032
73038
73038
73043
73058
73061
73079
73105
73108
73110
73122
73129
73133
73134
73149
73153
73171
73174
73183
73184
73234
73244
73275
73305
73306
73320
73328
73329
73337
73338
73340
73369
73378
73402
73405
73424
73424
73426
73448
73450
73459
73464
73468
73475
73482
73488
73489
73499
73508
73510
73522
73525
73532
73539
73552
73560
73567
73569
73572
73578
73580
73583
73589
73589
73596
73600
73605
73619
73625
73630
73634
73649
73674
73701
73712
73723
73731
73735
73742
73746
73747
73750
73757
73764
73769
73774
73781
73784
73792
73826
73827
73853
73856
73857
73891
73901
73904
73911
73915
73922
73939
73946
73951
73957
73964
73984
73989
73995
73997
74008
74027
74033
74045
74052
74062
74072
74077
74088
74089
74094
74110
74133
74135
74138
74168
74197
74202
74209
74220
74271
74275
74289
74302
74305
74324
74334
74337
74351
74352
74354
74391
74440
74447
74464
74484
74488
74489
74503
74524
74532
74533
74542
74554
74568
74568
74572
74574
74575
74613
74624
74628
74654
74655
74685
74686
74693
74696
74707
74713
74744
74757
74760
74775
74780
74801
74801
74826
74834
74851
74854
74856
74858
74877
74888
74898
74903
74907
74922
74938
74940
74955
74955
74961
74967
74977
74981
74994
75010
75012
75012
75014
75031
75056
75061
75063
75065
75073
75077
75102
75127
75146
75149
75156
75159
75171
75181
75191
75196
75207
75212
75228
75241
75258
75308
75319
75324
75327
75346
75348
75358
75376
75392
75432
75435
75435
75445
75447
75447
75461
75469
75472
75474
75486
75500
75535
75573
75585
75596
75596
75600
75606
75608
75608
75620
75638
75643
75644
75656
75662
75673
75680
75689
75722
75722
75741
75751
75751
75761
75766
75778
75796
75798
75805
75823
75826
75836
75842
75846
75849
75849
75895
75897
75912
75929
75942
75948
75958
75976
75976
75986
75992
75997
76000
76005
76010
76019
76025
76037
76038
76040
76074
76081
76097
76100
76103
76123
76124
76142
76161
76165
76166
76168
76172
76185
76199
76218
76224
76231
76242
76250
76252
76264
76274
76286
76294
76304
76305
76314
76326
76327
76330
76341
76348
76349
76351
76354
76359
76362
76376
76390
76395
76400
76404
76417
76419
76420
76424
76429
76437
76444
76450
76457
76468
76481
76491
76493
76498
76507
76524
76526
76533
76557
76572
76585
76597
76602
76615
76621
76644
76677
76686
76697
76702
76712
76744
76747
76751
76753
76802
76816
76819
76820
76821
76824
76833
76865
76865
76876
76902
76936
76938
76966
76990
77011
77014
77033
77049
77053
77057
77068
77079
77080
77100
77111
77116
77123
77145
77153
77188
77188
77190
77195
77197
77223
77231
77236
77245
77265
77271
77279
77283
77317
77317
77322
77327
77328
77331
77334
77345
77347
77358
77390
77391
77392
77397
77404
77417
77418
77420
77429
77449
77454
77478
77501
77503
77515
77515
77517
77547
77553
77554
77554
77564
77569
77571
77578
77583
77592
77593
77598
77613
77619
77632
77634
77641
77641
77650
77655
77673
77675
77683
77696
77697
77703
77720
77722
77722
77729
77737
77737
77750
77755
77771
77774
77793
77795
77797
77802
77809
77809
77819
77835
77841
77848
77848
77859
77860
77890
77895
77907
77911
77941
77953
77956
77965
77971
77990
78004
78032
78036
78055
78058
78069
78072
78084
78100
78105
78107
78110
78131
78131
78154
78155
78159
78178
78194
78196
78199
78213
78224
78226
78242
78256
78262
78275
78279
78286
78288
78295
78295
78298
78299
78305
78311
78319
78326
78348
78349
78353
78366
78371
78374
78392
78397
78398
78400
78417
78429
78452
78457
78473
78474
78480
78481
78508
78510
78534
78537
78560
78567
78608
78621
78639
78647
78653
78664
78665
78669
78692
78717
78719
78725
78729
78738
78739
78743
78752
78757
78762
78774
78785
78793
78817
78830
78834
78854
78868
78879
78886
78913
78922
78931
78932
78934
78936
78941
78963
78965
78966
78997
78998
79005
79029
79039
79045
79054
79056
79081
79090
79091
79104
79105
79127
79138
79139
79156
79167
79169
79174
79234
79242
79243
79254
79258
79266
79274
79275
79282
79298
79301
79303
79305
79317
79328
79335
79339
79343
79358
79381
79392
79394
79396
79397
79409
79412
79419
79434
79441
79443
79450
79459
79485
79489
79510
79523
79523
79527
79536
79536
79543
79554
79560
79564
79584
79585
79589
79591
79595
79598
79621
79627
79628
79629
79631
79636
79645
79651
79670
79679
79679
79688
79692
79714
79721
79745
79755
79773
79778
79782
79785
79803
79808
79810
79834
79835
79835
79836
79837
79864
79864
79878
79893
79915
79916
79919
79926
79930
79962
79982
79988
80004
80031
80041
80048
80049
80061
80064
80083
80087
80132
80145
80148
80166
80173
80178
80178
80187
80224
80237
80259
80278
80293
80302
80307
80342
80350
80358
80364
80372
80383
80386
80391
80414
80444
80458
80475
80480
80483
80486
80490
80491
80496
80499
80526
80530
80543
80551
80556
80567
80576
80596
80602
80607
80609
80610
80636
80640
80664
80679
80709
80723
80723
80724
80730
80734
80740
80744
80765
80768
80768
80773
80784
80813
80825
80841
80875
80879
80896
80900
80904
80912
80917
80918
80927
80928
80944
80956
80966
80974
80976
80978
80986
80999
81002
81005
81017
81027
81044
81047
81053
81053
81063
81066
81088
81092
81096
81109
81116
81118
81134
81134
81179
81184
81191
81203
81206
81213
81218
81221
81233
81235
81237
81245
81276
81287
81290
81294
81359
81380
81403
81409
81423
81426
81434
81435
81437
81514
81519
81535
81540
81546
81555
81567
81583
81586
81604
81612
81617
81651
81653
81670
81675
81681
81699
81700
81729
81751
81786
81786
81799
81809
81828
81837
81856
81860
81862
81868
81882
81882
81892
81899
81902
81911
81916
81921
81921
81932
81943
81945
81988
81992
81994
81996
82007
82010
82027
82033
82035
82042
82070
82076
82076
82090
82102
82105
82124
82130
82131
82138
82145
82146
82156
82176
82179
82182
82203
82221
82242
82243
82250
82252
82270
82292
82295
82295
82302
82319
82324
82354
82371
82372
82396
82398
82402
82412
82461
82464
82470
82503
82517
82555
82577
82579
82585
82586
82587
82596
82611
82613
82641
82679
82696
82697
82706
82710
82726
82730
82756
82789
82791
82799
82802
82802
82810
82818
82830
82836
82844
82848
82850
82853
82854
82858
82860
82877
82891
82902
82926
82940
82950
82952
82966
82968
82975
82995
83008
83011
83021
83030
83040
83058
83093
83097
83097
83119
83128
83138
83140
83179
83185
83206
83218
83220
83236
83238
83242
83249
83250
83250
83253
83261
83267
83334
83341
83357
83368
83376
83387
83393
83406
83449
83450
83456
83456
83469
83491
83497
83499
83509
83515
83535
83542
83542
83558
83590
83592
83597
83598
83618
83631
83659
83674
83688
83693
83695
83727
83757
83778
83785
83815
83825
83830
83834
83835
83845
83846
83851
83864
83872
83900
83902
83921
83934
83944
83952
83970
83975
83994
84016
84049
84054
84076
84108
84119
84121
84122
84126
84128
84135
84157
84169
84172
84195
84209
84215
84225
84234
84235
84239
84241
84252
84257
84283
84307
84308
84315
84341
84349
84359
84362
84367
84406
84406
84411
84417
84420
84426
84428
84431
84434
84442
84459
84487
84541
84544
84578
84581
84584
84591
84592
84597
84598
84601
84634
84645
84671
84713
84726
84735
84756
84756
84760
84761
84770
84773
84808
84813
84848
84851
84855
84866
84872
84885
84897
84902
84912
84926
84942
84945
84974
84988
84990
84994
85006
85026
85032
85034
85061
85063
85068
85075
85077
85079
85133
85140
85155
85212
85213
85214
85237
85245
85247
85258
85261
85268
85271
85295
85297
85309
85310
85318
85318
85324
85326
85334
85336
85372
85374
85392
85396
85418
85424
85428
85429
85468
85481
85481
85489
85500
85508
85511
85519
85540
85541
85555
85560
85564
85568
85580
85596
85596
85603
85605
85611
85612
85615
85625
85631
85645
85660
85666
85670
85679
85684
85703
85727
85727
85739
85767
85771
85774
85784
85787
85792
85801
85837
85846
85854
85855
85863
85876
85896
85923
85929
85929
85932
85946
85950
85954
85966
85966
85975
85999
86004
86005
86025
86038
86056
86070
86085
86096
86101
86112
86137
86161
86188
86198
86212
86226
86229
86230
86246
86248
86249
86257
86272
86286
86287
86307
86326
86373
86381
86385
86394
86397
86400
86402
86403
86406
86415
86425
86427
86427
86468
86473
86477
86478
86483
86489
86506
86510
86511
86514
86515
86526
86554
86554
86560
86570
86577
86588
86590
86599
86609
86611
86612
86619
86634
86640
86649
86679
86707
86726
86763
86779
86780
86794
86797
86802
86816
86817
86835
86852
86868
86884
86901
86906
86909
86911
86919
86936
86958
86961
86971
86971
87003
87007
87021
87030
87044
87065
87066
87071
87075
87077
87083
87102
87102
87106
87120
87145
87153
87164
87174
87177
87186
87208
87214
87233
87254
87268
87274
87282
87289
87303
87320
87323
87339
87348
87366
87376
87382
87400
87402
87413
87416
87429
87448
87458
87463
87472
87490
87495
87507
87526
87549
87551
87568
87617
87617
87631
87632
87637
87647
87654
87673
87673
87676
87686
87687
87695
87697
87721
87740
87751
87769
87792
87793
87799
87799
87802
87818
87819
87834
87835
87838
87844
87846
87855
87856
87863
87871
87888
87890
87904
87928
87931
87933
87937
87946
87956
87967
87969
87973
87975
88019
88031
88034
88055
88061
88085
88091
88097
88106
88109
88123
88153
88170
88177
88196
88202
88204
88208
88209
88211
88211
88228
88231
88232
88249
88262
88271
88271
88279
88281
88286
88287
88287
88301
88314
88329
88342
88345
88358
88360
88363
88366
88373
88386
88390
88420
88446
88466
88486
88489
88492
88495
88499
88502
88504
88507
88523
88536
88542
88552
88577
88581
88598
88601
88615
88623
88644
88660
88663
88671
88673
88676
88699
88704
88722
88724
88730
88734
88740
88745
88763
88767
88775
88778
88779
88782
88805
88806
88806
88812
88816
88819
88820
88853
88863
88868
88869
88874
88879
88880
88883
88889
88909
88910
88927
88949
88954
88954
88974
88979
88998
89006
89016
89023
89025
89041
89047
89051
89052
89059
89063
89068
89075
89080
89094
89099
89101
89127
89145
89168
89170
89182
89222
89231
89233
89241
89245
89257
89264
89274
89297
89309
89313
89317
89321
89341
89349
89356
89358
89363
89365
89371
89373
89392
89394
89411
89419
89428
89439
89457
89463
89465
89493
89508
89512
89515
89517
89533
89542
89548
89556
89590
89593
89596
89600
89647
89652
89652
89662
89669
89687
89722
89726
89728
89738
89750
89756
89760
89783
89785
89788
89790
89842
89845
89850
89855
89870
89877
89894
89908
89926
89938
89946
89951
89960
89980
89981
90003
90003
90013
90016
90040
90042
90045
90054
90057
90070
90083
90084
90108
90118
90120
90126
90131
90137
90143
90145
90149
90153
90155
90165
90172
90176
90202
90203
90204
90217
90222
90258
90259
90266
90274
90281
90292
90305
90306
90314
90324
90326
90336
90340
90345
90350
90359
90386
90396
90405
90406
90411
90417
90419
90459
90496
90520
90521
90522
90530
90534
90536
90553
90569
90579
90594
90604
90620
90626
90634
90635
90646
90648
90653
90663
90664
90667
90671
90675
90707
90723
90741
90752
90762
90764
90768
90769
90771
90795
90798
90805
90816
90818
90830
90856
90875
90882
90885
90904
90913
90913
90915
90929
90931
90950
90960
90964
90984
90984
90995
91004
91005
91010
91012
91013
91014
91015
91015
91021
91036
91041
91053
91070
91088
91099
91116
91116
91120
91121
91121
91131
91133
91133
91155
91171
91181
91182
91190
91209
91224
91230
91243
91249
91257
91262
91263
91265
91275
91276
91277
91280
91294
91310
91344
91350
91364
91371
91381
91386
91405
91409
91436
91436
91448
91450
91464
91503
91505
91519
91550
91559
91588
91599
91605
91608
91609
91617
91624
91633
91633
91634
91637
91645
91655
91659
91661
91688
91688
91699
91701
91706
91713
91729
91742
91764
91777
91778
91789
91814
91822
91825
91850
91862
91875
91878
91907
91918
91927
91932
91934
91936
91941
91948
91948
91965
92001
92013
92063
92068
92080
92090
92097
92131
92138
92156
92161
92174
92178
92191
92194
92206
92217
92231
92232
92263
92272
92284
92294
92298
92314
92337
92350
92376
92382
92395
92406
92416
92434
92442
92450
92453
92467
92470
92488
92507
92532
92541
92556
92604
92627
92629
92643
92655
92658
92662
92664
92665
92665
92676
92682
92711
92723
92723
92741
92743
92748
92774
92774
92782
92790
92828
92832
92846
92865
92866
92921
92933
92941
92947
92959
92976
92976
92986
93011
93013
93015
93016
93042
93047
93058
93089
93089
93115
93127
93150
93178
93183
93189
93193
93200
93205
93223
93228
93239
93265
93266
93279
93281
93305
93309
93313
93313
93317
93346
93349
93365
93365
93380
93388
93402
93409
93414
93426
93429
93430
93448
93456
93474
93483
93486
93515
93516
93525
93534
93542
93573
93594
93599
93612
93625
93631
93635
93639
93639
93644
93662
93683
93686
93694
93703
93717
93718
93724
93731
93734
93735
93794
93797
93807
93874
93877
93883
93889
93897
93905
93922
93933
93936
93957
93962
93967
93971
93976
93986
93995
93998
94000
94006
94009
94021
94035
94050
94059
94062
94066
94078
94089
94092
94114
94117
94118
94133
94137
94165
94173
94181
94197
94197
94203
94218
94246
94253
94280
94280
94281
94283
94289
94292
94306
94321
94337
94344
94356
94356
94374
94374
94375
94386
94395
94401
94417
94417
94446
94466
94467
94474
94487
94491
94500
94503
94503
94509
94537
94540
94552
94555
94557
94568
94568
94571
94593
94612
94626
94650
94659
94665
94681
94696
94696
94697
94704
94705
94705
94714
94745
94753
94774
94774
94786
94799
94802
94805
94814
94830
94850
94860
94878
94881
94881
94883
94900
94906
94921
94922
94945
94951
94979
94980
94983
94986
94988
94994
94997
95004
95019
95033
95051
95058
95064
95104
95124
95147
95158
95159
95175
95189
95194
95217
95228
95228
95234
95241
95245
95280
95282
95295
95311
95314
95335
95337
95341
95345
95361
95369
95375
95381
95388
95412
95413
95418
95418
95424
95431
95432
95433
95459
95461
95476
95479
95481
95515
95524
95528
95543
95544
95544
95563
95568
95577
95594
95600
95603
95604
95622
95625
95674
95682
95701
95701
95705
95710
95712
95719
95722
95726
95734
95749
95749
95754
95768
95772
95790
95802
95802
95812
95818
95818
95824
95841
95848
95852
95858
95878
95885
95895
95908
95916
95916
95930
95934
95954
95957
95964
95977
96024
96046
96050
96053
96079
96083
96084
96088
96098
96106
96112
96116
96122
96172
96173
96200
96215
96226
96236
96240
96262
96280
96298
96300
96305
96306
96311
96317
96318
96325
96325
96326
96348
96359
96367
96369
96382
96391
96418
96425
96432
96438
96478
96481
96496
96530
96542
96552
96559
96561
96569
96598
96621
96637
96640
96649
96651
96653
96662
96667
96689
96690
96699
96723
96738
96756
96757
96759
96768
96771
96779
96785
96791
96796
96832
96838
96845
96846
96868
96869
96875
96890
96902
96904
96919
96923
96923
96929
96969
96974
96975
96990
96997
96999
97010
97012
97020
97028
97036
97038
97040
97047
97048
97056
97060
97097
97106
97110
97123
97127
97147
97153
97165
97166
97172
97174
97185
97220
97233
97265
97266
97267
97267
97268
97270
97275
97286
97310
97317
97324
97351
97354
97366
97369
97381
97382
97393
97396
97400
97408
97410
97413
97420
97434
97436
97437
97446
97449
97469
97470
97473
97488
97505
97507
97526
97526
97529
97533
97540
97552
97555
97568
97577
97578
97593
97594
97619
97629
97637
97650
97655
97671
97674
97709
97710
97726
97727
97732
97746
97750
97757
97767
97792
97792
97803
97813
97819
97821
97832
97852
97867
97885
97894
97910
97914
97924
97933
97940
97941
97950
97951
97955
97966
97971
97981
97983
97986
98002
98007
98009
98029
98046
98061
98092
98093
98102
98104
98106
98115
98117
98123
98143
98162
98163
98166
98178
98182
98187
98196
98197
98227
98252
98257
98261
98273
98280
98283
98289
98293
98313
98318
98324
98335
98336
98341
98342
98343
98344
98346
98346
98357
98358
98394
98395
98425
98428
98436
98441
98454
98455
98460
98460
98475
98477
98489
98495
98498
98511
98523
98528
98533
98538
98542
98549
98553
98574
98584
98594
98600
98616
98622
98634
98666
98671
98680
98693
98695
98702
98710
98711
98714
98720
98722
98727
98736
98739
98752
98754
98771
98780
98796
98812
98814
98814
98829
98837
98853
98854
98873
98888
98889
98890
98895
98897
98899
98899
98903
98926
98937
98946
98959
98959
98975
98977
98991
99005
99015
99029
99059
99072
99083
99099
99103
99128
99130
99139
99157
99177
99189
99190
99207
99208
99221
99223
99241
99262
99263
99286
99290
99310
99320
99327
99336
99339
99340
99344
99345
99360
99366
99395
99397
99398
99399
99412
99419
99434
99440
99448
99460
99467
99480
99487
99497
99515
99532
99540
99565
99569
99580
99635
99637
99638
99643
99672
99682
99688
99697
99722
99737
99741
99742
99769
99778
99790
99798
99805
99842
99846
99860
99864
99869
99874
99887
99926
99955
99966
