35077
38275
38665
2952
31488
42783
2917
41397
7664
10343
9021
6961
17378
6524
32895
18519
8449
4768
44315
45617
26892
24979
11870
31778
1205
22716
2542
35070
32136
22071
22056
33564
26697
10720
36516
8184
19855
39432
49581
27518
16126
8601
831
33503
31477
33725
18373
39925
4844
12688
35542
48088
37666
47411
29865
38870
36478
48758
23939
18613
37180
12346
18529
13877
23066
5044
22060
42920
10827
37992
36789
26952
12945
37619
26806
44421
37695
45179
34345
8891
7866
36238
6978
11883
50000
3194
17104
36478
18303
7395
21442
5482
19740
39970
19358
42805
45013
7770
35724
5839
45761
22513
49142
8705
26483
25948
3125
14178
21126
3822
39420
45343
40059
46397
7225
6411
15942
24328
42888
596
48074
14329
22429
17814
4299
41787
10618
15663
15908
12694
37854
11668
1558
36995
36725
28040
29294
6201
8569
16771
26374
47988
12113
32785
10736
35689
39195
43029
26369
32082
43624
24442
46410
16053
42255
17060
24191
19225
49075
6450
48270
36928
18117
49827
40274
21193
44218
19568
43746
2787
2690
20119
17126
14803
2903
44214
16843
42097
37242
43211
40530
47218
17653
36940
29622
26259
20351
3812
45483
19425
10261
43752
22704
44729
9930
12978
32274
4148
48897
26019
6934
1586
12489
40411
32740
15392
34624
49583
23840
38218
42793
14370
35435
26797
17661
15056
3056
38011
35219
14890
23788
11831
24994
46491
22911
34923
25820
21536
5422
24716
13906
28707
42654
26395
19118
25393
41786
20093
41327
15625
8310
472
29994
10096
27268
47654
25151
46675
2017
26721
27917
25804
4903
19262
38646
44166
4184
14466
15701
25958
39181
29607
4664
48186
6001
40133
39931
14138
10226
31257
46114
34887
31728
42460
44983
25348
6465
36485
38374
8481
13206
16290
636
34460
35551
39282
28625
6087
3747
44326
48396
9279
40284
3059
7465
12636
43192
47395
26773
19769
45003
22886
4655
43083
15345
49637
34782
21810
2474
23155
46642
15679
5797
47278
16490
7699
2911
45115
13785
6657
5792
28532
32287
46075
31591
6103
8710
41134
19849
1834
10902
14852
24719
31908
24286
6416
47897
9067
28225
370
48573
41218
32400
4369
38495
48889
12068
41405
44003
42204
14413
16146
20736
13052
12220
18678
19154
37281
9811
39003
39114
37064
20206
30185
35323
44491
36600
33219
19909
31176
49940
18481
22393
32339
22850
10888
47580
1269
18644
7934
43472
49409
24080
30559
12460
2651
49236
31613
39932
9046
36967
45397
12461
7172
25581
47784
18014
12180
47354
37922
43355
47294
6403
15748
45984
45604
42987
43563
46872
27982
1497
6695
27390
25576
37254
39849
28226
36489
21462
34509
11887
8428
29906
40699
31952
21838
38482
49965
34018
2188
4239
43724
49481
10641
25823
11816
22596
35161
5379
19467
13143
6875
42513
40532
48802
29766
30381
43379
32607
18194
44240
44493
42973
24145
1543
24924
45982
40025
41241
46351
8564
45479
40075
24396
22471
32249
36211
45066
17410
41589
30884
30552
14815
23396
37435
13616
3162
17815
6995
35768
2360
1234
46612
45333
41730
48154
36608
4063
4530
27848
16766
13093
23326
23192
37488
45796
5440
23699
7213
22849
31639
38096
19752
46454
11492
7187
10069
31005
41353
33415
33124
43713
1000
46087
39045
9081
44240
25652
29496
15122
19852
46261
44566
9529
19452
48406
21677
41243
38456
28889
30444
20094
16985
195
16547
44828
7381
42968
25832
48734
42734
25307
8798
10086
21393
14194
35518
31984
39845
15013
47105
26048
27625
8023
35577
47076
6428
7253
4671
44883
36141
35114
31328
19477
35308
14227
30656
9041
23546
22839
24126
16279
48145
32923
42716
19537
47116
44586
1521
3312
9598
14977
45712
37223
22999
31288
650
29426
4892
21672
40660
41032
6785
21988
26861
8445
36214
23868
17485
9759
46707
7962
42389
11203
7236
1457
30740
20703
46042
48612
24014
21991
29940
36077
25565
2939
17364
42567
48716
22255
14238
5728
29639
21023
44067
22851
29467
30280
46718
13303
6390
9776
21264
15130
20979
28499
32938
18070
49201
28979
33033
39566
970
12972
25643
26534
32262
9358
19100
47330
47965
49690
19409
43955
37064
13475
33157
16530
10106
46226
46184
32847
6002
17447
47976
43332
12297
30914
11401
27849
26244
44433
33766
27213
23756
25760
20099
6018
35118
5550
19699
49434
5239
39107
9740
42302
2581
42896
25183
12686
39121
37718
45532
11474
5164
9859
4805
33812
7124
32557
11660
33368
43341
11778
26932
17097
37537
47030
39466
22654
18932
9164
38439
40522
14622
48178
49176
17202
7425
24358
46239
12898
12076
8122
40723
33591
34332
45528
33755
41456
44436
11766
24823
37777
23543
1754
21225
11080
15136
10690
85
34067
36205
38524
24588
826
3053
23763
34379
26830
14473
46969
6079
42900
5090
46801
26490
39421
8680
26596
47228
3116
38362
22050
40892
11904
40156
12116
22983
5291
39157
39420
5709
25361
44295
46648
42538
47347
36763
26916
40528
1235
23884
46606
44134
45325
43407
36975
34745
2086
13571
48325
21553
1932
20374
28796
30187
26881
7263
19522
48523
46419
8941
20583
38131
3235
17231
30668
16933
3993
7583
7461
5227
47818
20418
15712
43142
13824
19038
44239
32262
32608
42563
3814
891
29288
32610
47430
6169
39872
16951
21043
2643
42243
41626
40773
45477
8856
21441
28761
12848
29023
2573
34426
43193
22991
16489
36334
3166
35526
30572
35427
18134
23134
39241
35376
2422
38202
32805
24942
44425
16107
45984
47067
8349
37609
37840
20177
46464
9280
48938
25663
4654
17862
26440
47846
40852
42928
34180
44018
28454
31103
45796
12939
4237
1388
48314
23010
39589
47471
47951
34014
13577
43934
31080
38278
31543
35271
8454
44358
44550
23743
36373
15556
7957
12812
29753
48808
5740
30284
9177
545
11387
4973
13483
15623
6360
28148
4984
12301
41970
2934
12666
21899
46867
43745
10176
44761
45368
34981
5471
39917
25076
41843
21824
33032
21006
1577
48191
43097
31860
7368
43641
9598
28692
23475
41572
1403
17975
46555
13703
9944
49488
26368
48194
12707
36465
24721
23819
31832
9702
45641
38100
1129
37483
26276
512
24841
27852
48702
17937
26063
22421
27930
35661
1112
17756
43584
18867
35730
40139
32569
12026
5978
25289
26571
18684
28105
1292
8855
26288
27345
4495
30739
28473
8330
7014
28984
33170
1217
27685
17458
43632
106
45387
45644
17569
29495
39227
36435
31576
29365
35356
43601
1695
26996
36524
36730
5100
37815
45584
31387
15159
79
28477
43631
24760
35491
38966
7929
3059
33002
41738
46690
49459
3477
42333
17028
32971
47912
19814
14546
27276
5169
24499
45322
32164
11022
32052
3615
48836
27635
1353
30346
44065
29830
40328
18824
31672
29293
43104
34730
12294
34842
47772
11753
4670
40104
28780
37640
38015
14945
18537
31643
20114
43035
26964
18629
20408
25367
38596
35595
3002
39948
15940
13418
19777
6267
32242
17800
35559
41697
2530
14205
42890
301
25957
47559
6756
21088
1550
11123
36032
20087
9117
22497
29473
2432
7478
49881
27799
46073
35475
47152
36020
17767
10569
22149
40385
9162
39948
25944
859
8829
6500
10100
25481
32456
7659
48589
3543
9208
9711
5926
45646
18827
28423
25119
37610
35900
24999
15408
48324
26825
12559
34343
10943
39480
22843
1328
48641
12791
43623
15851
37971
122
25951
13452
32577
49961
12040
2471
25520
38102
8396
21166
6928
3170
12636
10889
5421
3986
26297
3744
30810
5207
4439
8105
11038
27281
9432
9679
40071
19406
41881
28042
19527
34183
7845
18455
495
19884
20925
26015
7985
45672
13532
31264
48842
26167
42152
20614
30152
34800
24358
27313
6359
28796
35417
17396
22428
11200
43426
28851
30605
35307
6892
131
35841
31088
34937
36336
971
5861
28702
25307
17885
42233
22922
33078
34751
31425
3691
31254
16225
44400
24918
38935
39547
26687
22682
11975
37886
16108
40825
34843
17766
14068
1325
19958
45155
36262
6293
12477
8474
34994
37783
26358
43578
27056
9435
44680
8480
13126
25933
24704
7525
851
29990
47072
27537
2672
25398
31774
35131
16222
16616
2896
30289
34293
22853
41795
20554
45498
4271
29027
46843
8405
21737
6773
35460
31171
1452
43939
10648
43737
34995
18173
10939
31336
31596
38475
34007
6993
36600
19137
39566
19568
38384
19854
3860
27589
11648
40765
39438
32270
36143
36280
40674
7879
43052
42485
39050
10856
36423
49697
4592
37769
34221
15530
19105
15816
20356
3111
39160
6955
38600
28725
42874
43335
14930
46733
37275
42929
3849
26712
25198
39992
29344
32223
47870
22395
24707
36919
33250
27482
2968
4193
15250
37188
19722
706
19356
40077
20169
8515
13384
8768
3592
6257
18454
18521
19342
5729
27802
23190
48792
2999
29533
28135
1574
27403
530
42632
30673
131
20113
33640
4324
1715
20828
40397
2420
6535
30474
22588
31401
10209
47707
34992
32817
32513
19865
2158
4593
47666
41700
3384
664
21232
31519
18589
14986
48400
11221
45659
14882
47685
45650
35557
49399
32829
25954
18171
39363
22779
7110
20764
32987
21169
5755
15803
3681
25619
34313
8273
23284
42364
28008
40300
29947
9526
25240
44933
24277
36460
6943
39159
34145
2592
24715
33543
35421
668
18065
24783
23446
25175
45546
22784
46343
17653
4939
16375
9623
39251
40999
49259
47966
35358
5910
27912
44884
31149
22844
35512
17609
46138
24670
1753
48730
49385
1647
34150
16404
36064
25284
6202
11238
37182
28985
23932
4834
275
6658
30808
39525
14008
30066
37490
49365
35975
31754
10600
17124
20949
46112
1084
17087
20781
19188
15816
36517
20834
16317
19273
23249
41600
25474
838
28781
20810
24769
49966
37437
47778
47126
26961
11785
27191
30803
27502
29518
12556
38101
12993
49856
564
14076
16942
37697
33263
32757
40565
20448
15425
9837
43697
7025
1662
44534
2157
38824
35655
18475
26260
33432
15600
19572
11569
42790
16726
5422
38659
45633
9874
1651
45489
10438
15726
12430
48134
48988
11539
38698
35788
26963
14887
29484
33987
32900
24017
2496
21723
26023
20970
47982
25807
36569
33906
37375
45710
631
9148
34369
46264
19021
2371
41752
29458
18097
4181
43943
33436
15719
48993
19223
9034
13879
48706
43020
46778
39075
11867
34853
31449
49188
49186
7255
35756
33091
44629
47818
33722
3776
48538
29985
22797
908
21736
18606
35356
42268
12549
18792
24339
11541
4366
33372
41771
19424
42743
4900
24850
4610
39752
6298
3797
38938
13553
5905
22028
24533
20074
5749
28309
18611
2085
17457
35870
40172
2414
37578
32440
31314
22721
6778
42854
27086
6501
976
12861
49243
5876
37710
20204
45627
44008
24001
916
7560
46257
22944
32092
16330
45044
26752
1292
47129
10560
3513
3652
12974
7442
36091
44287
30162
9220
3493
23600
15720
4468
36460
31315
26695
24170
1518
22322
18177
41870
23237
42088
38126
12532
24179
20807
7576
17283
22098
21056
27842
41963
24707
7167
49404
27150
17806
29566
2721
21298
19517
18441
42117
5976
16107
18812
46497
17624
7485
31025
9494
47073
23112
13971
9605
13643
34778
33532
30925
23227
20939
25118
15189
11997
32285
30945
39146
90
26862
41867
37739
46378
26659
46207
18705
42765
31370
15202
26740
38854
12578
36233
2279
35690
16556
11883
15684
1333
11766
12960
40911
32704
38077
22452
44700
36713
3396
198
36802
30257
42064
40892
42986
35074
37099
11690
27838
18468
26891
20929
23674
39469
7162
25952
41510
40069
4186
23545
7753
32303
36504
48663
31358
24580
21114
42409
11293
40861
42606
14446
21117
1021
21690
30454
36094
8788
42144
30283
43607
35386
1212
33632
41206
24725
25935
49067
14793
30120
22611
22545
28774
9114
37559
10131
33694
25025
2540
11338
15885
11497
42135
3354
12518
13824
33807
14963
38963
42302
11598
48922
27688
12809
32553
18893
3885
8488
17960
35029
4959
40570
23925
33733
16036
11483
10215
16081
36507
29106
43770
18744
40603
35904
22097
19472
49728
22255
34434
38690
14557
46031
37611
42244
25191
20164
27488
29075
45003
45447
14103
16313
2369
38027
16397
34756
15862
26612
836
2368
5717
44605
21111
46319
30508
9559
15790
46587
31814
16576
35277
46370
28958
22887
4965
4149
9402
32452
49575
20756
44251
30030
37069
12971
18056
3465
47726
33917
46428
14913
2637
2145
25869
40099
14815
22728
16010
46957
19315
47823
29884
4591
10544
8841
43829
15508
12989
19583
14311
28916
6690
8561
8945
43758
37883
43352
13575
35608
27269
26354
16872
46257
44850
42740
2707
9665
15468
18716
22973
1134
32890
2856
5724
43433
11696
15904
25292
41037
1838
5955
36304
8528
14515
45248
18637
18750
38599
32211
4357
32219
24917
37581
44827
19766
30320
47534
45782
12139
32601
18754
13272
15491
37961
35347
25275
16009
17603
16919
23397
19440
22873
9700
27967
3739
4947
46604
22488
9897
45166
43197
42116
20082
30777
36942
39848
27448
827
35629
5939
49780
20735
19210
15270
8695
20909
6896
24703
38511
40166
48099
7950
13038
24150
2269
33129
29096
48872
21968
5345
10389
15164
47460
30471
12292
753
20318
6092
17932
22298
12030
17711
43032
31239
49332
18079
18499
6227
42781
7009
12745
7232
31311
42134
31381
33579
25262
26829
48802
47230
32173
9190
28745
45984
39660
7389
13088
26329
13480
31019
14979
25509
15081
8010
23099
14412
42440
41598
36991
1573
48606
49735
8804
29916
41868
6536
29846
33482
49716
28647
47063
48240
37837
25807
44223
43848
33195
7311
36529
46674
4681
1507
38534
19762
25868
11633
525
18308
3230
3867
19880
1835
3601
45035
48103
11821
17922
44300
45302
17638
39299
8716
15877
43487
34522
26452
37334
34069
114
23862
47094
4794
41720
35628
40907
17588
47260
7784
35895
16841
11650
22126
35027
31603
33512
49481
43423
1433
43781
5076
35422
33079
13791
17651
26565
14664
44102
30250
15084
10567
4112
12178
15360
12183
14157
22619
29770
27768
30402
32016
44608
42051
20493
29634
23653
4004
29115
33427
21789
39247
4854
23562
22325
34996
41212
15241
49660
1665
45490
31095
12231
15953
9624
43943
28136
23780
16561
24257
17899
46962
6273
28858
5364
26765
24844
45369
30769
20310
28795
18909
9556
33649
42470
48232
34996
34
29824
34655
1698
25313
32102
30281
7618
41725
40575
2105
31857
7135
26361
49755
20448
32633
28613
42163
9398
19808
37531
6518
40117
16326
41778
49672
16326
34247
14255
1321
34280
44078
2328
2330
35742
34429
48962
43359
42505
39536
45463
24361
13022
21824
40468
33469
20808
35432
25631
46557
5239
29514
19426
45355
45839
11203
11378
28516
45450
25632
46188
46081
19709
14867
14762
21802
15647
13723
15161
8152
3258
26975
32512
32631
15150
39331
16099
35958
24762
8082
48866
30000
37595
18292
41706
49785
29494
3083
44652
41295
45066
40839
37376
31126
5706
2137
2928
21352
15860
18088
45855
35469
11414
28367
18100
26564
17697
550
28873
8811
24983
44090
38810
12577
12381
30516
28713
41875
49950
23364
33169
45016
30555
36896
26141
36260
39033
29068
23963
21244
13507
36170
23064
41273
30888
41163
34188
14936
8065
29412
23746
33047
23501
28908
11976
35882
25775
40688
44108
25724
14052
43628
20739
44606
30524
13232
47217
19556
8651
37531
7151
22158
23700
30214
29782
20939
37729
13969
35875
45793
43380
9620
45191
16880
38527
7166
2761
14301
47854
13220
6377
28257
6848
43467
39214
37371
6698
2782
23278
15349
6664
30428
3858
46716
26993
33639
17654
31073
13959
3528
26865
7338
29500
38408
40569
18026
45573
9682
48679
9778
22901
5055
4386
29748
48521
43599
17118
21571
12732
6747
3271
19396
3526
23480
16111
30519
23470
116
11591
37428
3644
4808
11117
33143
9567
1685
17520
5139
11366
16198
31269
34267
37604
35654
30366
2477
29253
13836
24047
41984
20582
43669
27731
24108
17148
43841
20978
40617
43957
48920
28044
13952
3727
5512
13446
13293
7196
30965
34784
34914
13515
16052
35532
17470
1705
15897
19946
47309
29732
10344
5645
16666
4012
33375
40773
37511
43568
11750
28127
3876
10669
22522
17827
30748
28033
31272
10392
1581
28588
11527
36494
8454
27578
38377
25924
45635
20625
45869
9295
357
22565
14939
33374
26576
48314
24146
14087
41881
2247
8565
45756
29267
31087
29934
26366
25471
27557
3110
43403
6144
14636
46248
14598
8566
34624
6873
20552
5249
2741
29846
21957
25305
44785
5330
18233
43098
45827
48671
1330
14425
7235
13437
10043
4673
43370
36409
46496
37278
5870
39898
43421
20505
2498
24370
45422
37121
47594
15973
8721
335
45819
30677
41991
40603
2358
26575
52
48184
25245
17733
12608
48832
31169
39003
19856
40890
41763
16351
28167
47632
22601
37939
34488
25098
28661
29910
28570
26254
45882
37291
26588
8052
17967
34931
48654
20325
27857
15057
34860
3102
32789
13820
18285
13957
2822
38140
4846
44584
20843
33012
42215
43443
37303
43054
34892
15963
22963
13461
42216
35197
17103
35156
43248
1422
20086
8254
38098
47942
23310
22957
17395
22451
3128
35679
36407
22301
40171
7605
16884
11013
6968
25450
20807
44270
18504
22050
10232
7818
1862
2448
43014
18965
3955
36262
20386
24040
44515
24835
38333
34176
47791
22080
6626
17271
7758
9385
39571
14280
33341
22807
41644
40308
48256
12450
930
33111
34499
27513
40929
2713
46312
294
21677
266
2907
8414
24305
13773
33248
28990
47949
47390
1069
20926
14660
25178
30310
20583
39458
30002
43389
31101
20310
41644
9903
37591
41107
10753
15103
48387
13465
11415
48680
1493
11680
17939
26258
2337
31711
25857
31326
29659
23247
48746
16937
4258
23923
47246
24840
29732
27248
18228
27185
13909
26224
3439
1499
33682
30543
32953
48420
44008
44367
47099
11852
22399
15037
38110
24735
13100
13966
6060
42758
3564
21157
9694
24174
11431
23292
49013
7515
16891
33593
34699
47151
26168
4489
15001
9849
35031
47953
8268
45390
8672
21718
7242
31070
3107
11703
5804
16206
42020
28215
25315
11936
49371
35009
36109
10801
24652
1473
18315
7894
35065
19365
5044
11232
40205
36396
37432
25236
34348
45699
20625
9371
33769
44218
40440
36875
5920
12595
19432
14292
40809
44746
26227
6531
46106
12335
33684
20757
13807
18350
45002
15224
4067
45
42807
44271
36440
30239
19506
37140
25937
40131
46510
9705
700
3302
12931
6620
15896
32362
37263
6705
27108
13489
29587
23213
42175
13270
10322
22333
31620
5323
37556
2038
21720
30363
46308
24511
26953
15814
11650
2889
22296
24512
28946
22995
44165
41876
45966
10060
40590
33228
33116
17697
13068
12703
7261
5242
42324
17582
43927
40295
22905
47834
42332
44624
44548
38640
19134
21500
4453
47136
40741
43100
37999
19686
16094
32163
27913
28412
42222
18502
11639
41690
36198
24707
20744
43459
46300
13067
27392
40226
3362
16648
4412
12045
27623
48959
684
13109
20459
21488
10244
27551
30939
14594
47236
47033
46756
41500
41796
5329
10002
3434
47018
12551
44492
17761
22361
40792
47180
49753
47369
16893
16400
1780
28937
10375
17091
45973
23483
3901
33812
33726
31451
14751
14671
45038
28135
11426
36537
19930
33106
46538
23363
46476
25441
34207
30588
47801
41350
27767
13905
38718
44659
46657
6850
39948
7031
40292
35920
30513
44192
19731
30590
25642
833
45260
37031
28967
6685
23567
48896
6142
20105
38611
2617
11897
39169
33205
9697
30518
27323
23602
35587
21982
36610
8788
28281
43640
49079
14200
24152
43270
282
4741
35263
1115
16352
22293
46433
39388
45860
11681
45529
32316
16643
14498
10564
5811
47702
20260
36328
25024
10213
38266
13357
46822
47054
41637
6813
46132
22188
30964
5754
38822
2056
7368
39936
18407
29661
2720
7794
41872
14400
19675
40539
31042
34172
1102
3204
48225
37713
5883
23248
47926
44149
2957
11099
41202
10945
17912
3685
33133
15227
9438
21954
33635
33158
28241
18393
12818
30960
42539
21041
11712
12213
27931
42753
46384
29032
45957
44608
16744
18191
34207
31021
12339
3515
8472
19892
14460
42735
39929
13944
7961
15718
2249
41595
48875
30489
26340
11692
27800
18878
49084
39511
31090
27014
48616
43825
22397
10924
4784
5493
29114
5342
36513
7805
8857
11336
44048
39668
4070
33976
3611
12031
49694
22211
19977
48568
19051
46316
26612
46850
31545
25695
2713
12634
2709
17680
22810
25105
28603
27593
30597
24068
32935
33462
48224
8143
44797
42272
47810
48867
26247
1420
27249
25940
39982
13577
40860
9032
26245
17471
5881
7789
43165
24945
20423
12225
42624
9584
3682
37578
37177
630
27998
36463
443
26221
44605
45240
34844
42414
10458
11091
10185
4058
3382
166
17634
44241
9197
10230
28063
31429
18019
21228
22726
4793
49804
15349
14376
3485
19279
1552
20467
13628
4366
20909
39848
48970
32500
41044
7735
42957
2134
17919
13366
21867
34436
47352
32460
9984
7581
10522
41413
25599
48101
30490
46743
47905
45838
11119
17741
31468
29022
38207
45095
33388
9116
1295
48709
41615
42338
6444
924
10823
40714
14289
49041
25150
27992
31500
1485
35573
8374
42897
27523
6474
39738
40618
4378
1928
1736
22119
33395
47109
26677
44842
46848
35792
12488
45557
43759
21177
2000
44682
48351
9065
25322
47391
34214
3314
45243
2051
5238
3616
11299
49112
10089
1037
39729
30819
2964
7816
2937
36358
21277
45965
47551
18124
31757
10038
13680
25515
31214
32031
36548
45916
41096
11869
43307
41661
15182
38549
43711
36771
8516
5010
2235
18604
22398
41963
49422
25361
16131
18710
28070
37407
14675
25621
5530
12783
2010
35562
4649
33224
33944
41196
29139
25039
3064
38797
33052
34598
43697
43114
37720
2212
14475
39954
37168
36872
31917
2941
12232
14399
21651
40302
18157
2677
32274
23686
31811
34283
25599
36459
33858
9543
44006
29349
933
47069
18145
33984
48018
28194
43450
35738
30405
24276
25691
17572
11148
23959
20513
39731
4709
8515
46384
22865
27543
28657
46551
9353
12940
38501
12163
46797
48043
6168
42497
48976
19588
10642
49311
17606
38835
9112
19695
35591
33388
45385
19515
44535
35696
6379
617
40404
14893
47001
13269
8787
25657
26171
34491
4948
14671
46653
18097
29066
19172
10593
28041
38759
37586
43703
22716
26420
2815
42410
28363
36202
4147
47877
47088
6194
4255
47704
46597
35499
11056
26217
44285
36713
2387
28775
8012
33410
41779
26108
12475
10950
3053
40515
16060
40638
569
38776
33410
19735
47537
11772
5936
18035
26000
19375
24228
30254
33431
20825
32104
44486
13393
26388
47550
15780
21514
21914
49189
13292
48021
11663
40593
1073
18529
6652
8063
35449
11779
41472
5184
25668
3243
27471
43702
29242
13198
17930
25847
46628
5106
7950
7465
18498
689
21367
629
22202
43280
16169
1845
7652
44183
8789
25077
29063
31792
33139
14512
43571
24610
19695
35590
44204
13517
45643
39797
26714
29924
15643
39693
35029
39944
47158
19879
40632
18524
36859
29185
28155
3028
47381
35806
47210
6169
10882
26273
37960
44020
40784
47882
18629
26830
33471
29184
40346
29114
18980
33412
9037
974
23104
10418
7269
20261
46648
14252
5136
33506
43436
33290
2885
7168
19096
95
13336
46329
42719
1296
40349
49854
49177
25329
26683
49000
4513
33380
28113
39844
16791
3501
7170
6247
30270
14438
42859
43269
28690
47995
26775
38477
47636
46011
45645
33083
46105
8980
29412
38823
26627
19760
38676
25804
11440
31710
24803
32304
31442
19267
22148
14584
39119
29317
20830
19389
10106
13689
12657
38795
28035
5783
43624
25670
18146
5620
25105
14250
30951
4516
19425
7578
40627
24452
49733
2066
22514
40887
34370
20307
10153
22869
34890
49271
2185
22072
35011
12290
2112
14020
17437
30146
36154
27412
22167
4299
33031
47271
34901
13981
18138
20677
21558
8764
45128
37642
10830
33993
28528
11551
4299
5032
34419
39189
4303
2955
27612
5665
15244
29723
36036
49032
9868
38542
26443
48386
42840
9473
12009
44092
39806
30146
14768
27715
38910
26248
15357
16091
26592
43884
27641
30891
48916
12059
36431
19570
31365
14042
41586
46608
10116
27622
11992
36335
32515
38434
34720
41706
14259
46728
35798
4064
26874
16917
31778
32135
9516
47134
48225
36108
7370
25865
16998
22637
4275
19780
42206
35639
173
143
48598
10288
44116
10589
46622
26630
15375
47693
18336
29633
10773
20485
33696
37646
37401
31825
19780
46917
28959
34356
33024
2680
10220
16373
25316
30846
2504
33873
16484
2676
34015
31433
29315
28131
8374
42288
21112
23748
39980
39447
3380
752
9931
3427
4749
13684
35251
40880
10600
30561
25235
9975
33240
1806
26347
8555
32651
45202
42427
15486
47877
42794
13271
43543
37276
21644
35830
8387
45391
42161
14186
15122
9265
40468
18548
14013
4151
3798
21245
14750
711
12831
24724
33950
14637
17422
8857
13639
12623
1283
45477
26851
10428
8747
36745
47703
30390
22574
6090
25780
14735
20275
7253
40351
10742
25800
4363
31245
45949
41959
45994
46659
4790
37070
46961
19426
20843
5817
49416
49818
7099
44892
43020
17527
3638
29765
31581
379
2338
37670
42510
33424
24296
49762
23774
1390
25561
44489
32634
37862
2799
44979
872
7588
48400
47832
43365
35595
3648
42781
35412
27099
4024
44783
10977
24014
24547
42557
24392
43237
46579
16902
43012
20874
16663
33138
38615
8576
43978
37600
12789
46776
32579
13660
4364
47330
11492
47728
32924
31491
6860
34687
24941
10884
45822
35917
34897
20368
44826
25640
29956
41404
42541
22968
28629
25556
6105
33596
483
82
21195
13271
46857
20125
43282
17572
17455
21125
31652
16730
18968
4863
17769
43908
32098
13590
46177
33346
309
41002
8986
30265
48757
17878
3232
43737
9785
25688
27332
10267
42121
48527
39889
5329
18651
33171
39253
2457
20647
20904
19187
39614
25766
36955
33522
24216
16896
29698
7561
17204
37051
16546
47468
35807
34424
17051
29543
44208
9090
23227
20827
17562
21753
27067
22891
40403
10237
12143
42860
47236
49398
28398
36849
41515
31704
36722
15730
48599
32771
23291
15802
19821
6188
29622
21979
6963
46672
17874
17523
22114
41100
38349
39675
29204
15415
28917
19606
42004
41059
28817
5591
6808
23566
8791
48323
5269
45513
30404
3867
44635
3694
36021
30808
26234
15642
2786
33196
28665
37011
718
778
44462
5418
40453
23665
37185
19369
9623
45540
26780
4791
1130
49939
28357
9920
14613
33625
5432
45017
3844
16419
15062
6216
47226
41295
21857
16363
24491
521
3374
41560
17651
47835
46978
8103
21500
514
43823
47474
46053
36954
2264
47182
36893
30620
7101
1505
30597
28885
46521
792
45303
11583
7007
42528
19229
45215
25242
10071
12087
28615
1631
29737
42802
14960
4191
30653
15473
14366
28126
27877
1319
30389
25058
38211
11009
48510
39716
7957
27394
2588
8748
39048
30522
32106
47927
49751
27320
23169
9821
39406
18135
27803
35495
10936
9114
6037
41588
24586
20402
36065
2462
21721
16454
43871
9931
43814
42381
15998
1770
36126
18586
26869
41526
49107
8974
5804
15209
2645
28972
25030
8402
13459
19184
43896
24394
28298
16285
32334
19235
36686
18398
38049
24758
1203
48271
34689
45016
40651
17038
13137
43129
1975
40005
34654
17434
15330
40457
32642
17974
35781
24023
26376
49239
43207
36623
39984
37856
2907
22317
23442
5945
7067
11490
30702
24621
9761
31742
19637
16763
48780
32773
9891
17106
39130
10896
34539
4459
17705
17181
38785
19837
41203
31512
19075
761
34486
25410
4968
37393
14079
28410
43337
21145
6251
40390
45765
16011
22132
31753
49126
37263
30878
25368
4368
36359
2616
38907
40817
20320
22439
45953
40156
29993
27464
25582
47106
11950
991
2073
15694
15069
30482
25382
2565
36733
15771
14682
19095
4254
12786
18220
41516
43663
9940
45884
30021
12555
1142
37190
32874
23580
49494
39381
3572
43310
31314
677
5259
32304
2750
37304
13725
49583
29037
32641
2667
44807
13674
21762
15413
26460
6333
6928
36474
16272
19163
32847
45178
20304
36388
28051
43883
35881
33783
13807
29190
15096
14483
800
13752
33584
4455
43828
33167
33491
42820
2185
44650
22846
23946
10062
15657
46631
16989
2130
29254
36152
1328
24432
6455
37715
18834
16690
39948
2617
30496
19137
34064
11330
36289
14167
44914
40743
24346
44432
40586
17166
46616
35235
40011
36914
45296
5667
49896
28636
24148
29149
31139
25476
19932
3946
29542
38766
20635
19489
7734
17482
4978
8149
28811
41266
22316
23724
48360
46661
18155
38945
13826
31123
24179
20188
18036
35826
42206
17931
30814
16354
13431
11952
41829
33363
15897
37722
22128
2883
7211
46213
20364
12188
4361
49175
19805
26676
22898
34516
39689
7405
23461
19866
38527
13991
40054
22914
16169
32259
40844
46982
14964
20626
8933
23144
3988
41182
10866
42467
44064
34428
38679
14428
12967
43040
29954
32771
36067
19203
33638
42107
26607
7098
11973
31485
37441
18378
20750
3609
16988
27945
16942
31952
48571
42226
5095
2558
33407
32312
45025
43823
16739
55
24602
29705
43094
20907
28827
45513
40109
12465
37619
33068
35914
15943
30904
23354
34320
1654
43314
17660
29598
26607
49611
28168
18833
21057
30726
18591
19721
42102
28765
36459
42156
19718
32516
1602
40624
11342
13466
30733
40158
1084
13800
26072
33379
44703
15777
34050
12708
25443
1709
42306
2049
17671
20473
37233
38728
17550
22176
8448
26003
940
11258
18159
20658
43773
36112
27633
21467
49577
8365
11624
17012
38516
4047
390
49571
36176
34440
12278
27970
2500
4583
30018
20171
41408
33603
8898
25309
22130
33697
1312
39421
44954
35822
26430
5079
21933
4063
26545
21509
12427
4520
4872
943
24919
21614
16865
11094
6053
29142
39063
8552
77
35432
28722
41484
35386
3971
16792
7515
4019
34455
46936
48973
20276
39717
20403
42208
43779
46947
30068
6206
17818
1292
23500
42736
22905
6716
20181
45309
35857
9243
3860
35933
11027
48934
43768
46412
19256
10560
20279
23275
45014
33566
38599
31642
23282
9001
23849
17061
22299
20269
39618
6468
21560
29469
49204
44464
36184
35736
39772
22040
11331
9983
24325
22357
25268
18092
35120
10876
28651
5398
34150
40017
38963
39100
21658
12245
48100
11858
45657
36750
48478
35274
43217
20037
14742
8772
30852
925
44508
36975
39316
5838
13310
13640
44546
4929
31732
29665
15804
26734
1415
49953
33102
40377
39052
4759
18973
3503
32969
14629
6604
31446
16254
16173
17835
30995
24944
15038
48271
35803
2013
3939
7992
31674
33930
2537
36602
15661
48554
2406
8747
49968
18710
41848
6696
24114
12959
25669
43968
45927
6649
572
43724
22903
16744
11558
20249
8039
26596
34872
10194
44960
38810
18185
26633
22739
37074
29586
4752
1979
48343
29850
1946
33405
21697
8641
23870
1007
661
17837
13285
23662
34760
7009
46564
17855
18566
33164
25894
11513
18035
36087
6472
23196
20623
49456
12287
24048
45394
17038
26026
43736
46887
27971
43492
34935
2964
17361
2294
19976
35198
15578
43637
36309
22586
6552
4164
7504
39716
30057
19016
24102
32495
41840
47298
19469
7647
9584
43517
3040
42973
19542
13128
6211
13865
6619
7497
16828
40332
9790
3155
25529
25368
13144
11837
14305
19695
32352
21808
25762
28760
7176
49864
11254
15367
13513
47075
23013
39448
40591
42405
48772
10132
21884
21334
23996
44854
28830
7175
35185
4972
26682
27065
30339
39825
5254
10995
9519
37605
32803
1633
16365
6330
1496
43970
21696
31360
41044
11060
37159
31634
19816
35930
8118
8051
7263
32113
2905
2444
5640
4441
7415
32321
31506
4105
22145
3111
15100
48015
40715
14254
49647
23431
20583
17494
17401
8630
48853
8444
36041
36011
