34
45
52
55
77
79
82
85
90
95
106
114
116
122
131
131
143
166
173
195
198
266
275
282
294
301
309
335
357
370
379
390
443
472
483
495
512
514
521
525
530
545
550
564
569
572
596
617
629
630
631
636
650
661
664
668
677
684
689
700
706
711
718
752
753
761
778
792
800
826
827
831
833
836
838
851
859
872
891
908
916
924
925
930
933
940
943
970
971
974
976
991
1000
1007
1021
1037
1069
1073
1084
1084
1102
1112
1115
1129
1130
1134
1142
1203
1205
1212
1217
1234
1235
1269
1283
1292
1292
1292
1295
1296
1312
1319
1321
1325
1328
1328
1330
1333
1353
1388
1390
1403
1415
1420
1422
1433
1452
1457
1473
1485
1493
1496
1497
1499
1505
1507
1518
1521
1543
1550
1552
1558
1573
1574
1577
1581
1586
1602
1631
1633
1647
1651
1654
1662
1665
1685
1695
1698
1705
1709
1715
1736
1753
1754
1770
1780
1806
1834
1835
1838
1845
1862
1928
1932
1946
1975
1979
2000
2010
2013
2017
2038
2049
2051
2056
2066
2073
2085
2086
2105
2112
2130
2134
2137
2145
2157
2158
2185
2185
2188
2212
2235
2247
2249
2264
2269
2279
2294
2328
2330
2337
2338
2358
2360
2368
2369
2371
2387
2406
2414
2420
2422
2432
2444
2448
2457
2462
2471
2474
2477
2496
2498
2500
2504
2530
2537
2540
2542
2558
2565
2573
2581
2588
2592
2616
2617
2617
2637
2643
2645
2651
2667
2672
2676
2677
2680
2690
2707
2709
2713
2713
2720
2721
2741
2750
2761
2782
2786
2787
2799
2815
2822
2856
2883
2885
2889
2896
2903
2905
2907
2907
2911
2917
2928
2934
2937
2939
2941
2952
2955
2957
2964
2964
2968
2999
3002
3028
3040
3053
3053
3056
3059
3059
3064
3083
3102
3107
3110
3111
3111
3116
3125
3128
3155
3162
3166
3170
3194
3204
3230
3232
3235
3243
3258
3271
3302
3312
3314
3354
3362
3374
3380
3382
3384
3396
3427
3434
3439
3465
3477
3485
3493
3501
3503
3513
3515
3526
3528
3543
3564
3572
3592
3601
3609
3611
3615
3616
3638
3644
3648
3652
3681
3682
3685
3691
3694
3727
3739
3744
3747
3776
3797
3798
3812
3814
3822
3844
3849
3858
3860
3860
3867
3867
3876
3885
3901
3939
3946
3955
3971
3986
3988
3993
4004
4012
4019
4024
4047
4058
4063
4063
4064
4067
4070
4105
4112
4147
4148
4149
4151
4164
4181
4184
4186
4191
4193
4237
4239
4254
4255
4258
4271
4275
4299
4299
4299
4303
4324
4357
4361
4363
4364
4366
4366
4368
4369
4378
4386
4412
4439
4441
4453
4455
4459
4468
4489
4495
4513
4516
4520
4530
4583
4591
4592
4593
4610
4649
4654
4655
4664
4670
4671
4673
4681
4709
4741
4749
4752
4759
4768
4784
4790
4791
4793
4794
4805
4808
4834
4844
4846
4854
4863
4872
4892
4900
4903
4929
4939
4947
4948
4959
4965
4968
4972
4973
4978
4984
5010
5032
5044
5044
5055
5076
5079
5090
5095
5100
5106
5136
5139
5164
5169
5184
5207
5227
5238
5239
5239
5242
5249
5254
5259
5269
5291
5323
5329
5329
5330
5342
5345
5364
5379
5398
5418
5421
5422
5422
5432
5440
5471
5482
5493
5512
5530
5550
5591
5620
5640
5645
5665
5667
5706
5709
5717
5724
5728
5729
5740
5749
5754
5755
5783
5792
5797
5804
5804
5811
5817
5838
5839
5861
5870
5876
5881
5883
5905
5910
5920
5926
5936
5939
5945
5955
5976
5978
6001
6002
6018
6037
6053
6060
6079
6087
6090
6092
6103
6105
6142
6144
6168
6169
6169
6188
6194
6201
6202
6206
6211
6216
6227
6247
6251
6257
6267
6273
6293
6298
6330
6333
6359
6360
6377
6379
6390
6403
6411
6416
6428
6444
6450
6455
6465
6468
6472
6474
6500
6501
6518
6524
6531
6535
6536
6552
6604
6619
6620
6626
6649
6652
6657
6658
6664
6685
6690
6695
6696
6698
6705
6716
6747
6756
6773
6778
6785
6808
6813
6848
6850
6860
6873
6875
6892
6896
6928
6928
6934
6943
6955
6961
6963
6968
6978
6993
6995
7007
7009
7009
7014
7025
7031
7067
7098
7099
7101
7110
7124
7135
7151
7162
7166
7167
7168
7170
7172
7175
7176
7187
7196
7211
7213
7225
7232
7235
7236
7242
7253
7253
7255
7261
7263
7263
7269
7311
7338
7368
7368
7370
7381
7389
7395
7405
7415
7425
7442
7461
7465
7465
7478
7485
7497
7504
7515
7515
7525
7560
7561
7576
7578
7581
7583
7588
7605
7618
7647
7652
7659
7664
7699
7734
7735
7753
7758
7770
7784
7789
7794
7805
7816
7818
7845
7866
7879
7894
7929
7934
7950
7950
7957
7957
7961
7962
7985
7992
8010
8012
8023
8039
8051
8052
8063
8065
8082
8103
8105
8118
8122
8143
8149
8152
8184
8254
8268
8273
8310
8330
8349
8365
8374
8374
8387
8396
8402
8405
8414
8428
8444
8445
8448
8449
8454
8454
8472
8474
8480
8481
8488
8515
8515
8516
8528
8552
8555
8561
8564
8565
8566
8569
8576
8601
8630
8641
8651
8672
8680
8695
8705
8710
8716
8721
8747
8747
8748
8764
8768
8772
8787
8788
8788
8789
8791
8798
8804
8811
8829
8841
8855
8856
8857
8857
8891
8898
8933
8941
8945
8974
8980
8986
9001
9021
9032
9034
9037
9041
9046
9065
9067
9081
9090
9112
9114
9114
9116
9117
9148
9162
9164
9177
9190
9197
9208
9220
9243
9265
9279
9280
9295
9353
9358
9371
9385
9398
9402
9432
9435
9438
9473
9494
9516
9519
9526
9529
9543
9556
9559
9567
9584
9584
9598
9598
9605
9620
9623
9623
9624
9665
9679
9682
9694
9697
9700
9702
9705
9711
9740
9759
9761
9776
9778
9785
9790
9811
9821
9837
9849
9859
9868
9874
9891
9897
9903
9920
9930
9931
9931
9940
9944
9975
9983
9984
10002
10038
10043
10060
10062
10069
10071
10086
10089
10096
10100
10106
10106
10116
10131
10132
10153
10176
10185
10194
10209
10213
10215
10220
10226
10230
10232
10237
10244
10261
10267
10288
10322
10343
10344
10375
10389
10392
10418
10428
10438
10458
10522
10544
10560
10560
10564
10567
10569
10589
10593
10600
10600
10618
10641
10642
10648
10669
10690
10720
10736
10742
10753
10773
10801
10823
10827
10830
10856
10866
10876
10882
10884
10888
10889
10896
10902
10924
10936
10939
10943
10945
10950
10977
10995
11009
11013
11022
11027
11038
11056
11060
11080
11091
11094
11099
11117
11119
11123
11148
11200
11203
11203
11221
11232
11238
11254
11258
11293
11299
11330
11331
11336
11338
11342
11366
11378
11387
11401
11414
11415
11426
11431
11440
11474
11483
11490
11492
11492
11497
11513
11527
11539
11541
11551
11558
11569
11583
11591
11598
11624
11633
11639
11648
11650
11650
11660
11663
11668
11680
11681
11690
11692
11696
11703
11712
11750
11753
11766
11766
11772
11778
11779
11785
11816
11821
11831
11837
11852
11858
11867
11869
11870
11883
11883
11887
11897
11904
11936
11950
11952
11973
11975
11976
11992
11997
12009
12026
12030
12031
12040
12045
12059
12068
12076
12087
12113
12116
12139
12143
12163
12178
12180
12183
12188
12213
12220
12225
12231
12232
12245
12278
12287
12290
12292
12294
12297
12301
12335
12339
12346
12381
12427
12430
12450
12460
12461
12465
12475
12477
12488
12489
12518
12532
12549
12551
12555
12556
12559
12577
12578
12595
12608
12623
12634
12636
12636
12657
12666
12686
12688
12694
12703
12707
12708
12732
12745
12783
12786
12789
12791
12809
12812
12818
12831
12848
12861
12898
12931
12939
12940
12945
12959
12960
12967
12971
12972
12974
12978
12989
12993
13022
13038
13052
13067
13068
13088
13093
13100
13109
13126
13128
13137
13143
13144
13198
13206
13220
13232
13269
13270
13271
13271
13272
13285
13292
13293
13303
13310
13336
13357
13366
13384
13393
13418
13431
13437
13446
13452
13459
13461
13465
13466
13475
13480
13483
13489
13507
13513
13515
13517
13532
13553
13571
13575
13577
13577
13590
13616
13628
13639
13640
13643
13660
13674
13680
13684
13689
13703
13723
13725
13752
13773
13785
13791
13800
13807
13807
13820
13824
13824
13826
13836
13865
13877
13879
13905
13906
13909
13944
13952
13957
13959
13966
13969
13971
13981
13991
14008
14013
14020
14042
14052
14068
14076
14079
14087
14103
14138
14157
14167
14178
14186
14194
14200
14205
14227
14238
14250
14252
14254
14255
14259
14280
14289
14292
14301
14305
14311
14329
14366
14370
14376
14399
14400
14412
14413
14425
14428
14438
14446
14460
14466
14473
14475
14483
14498
14512
14515
14546
14557
14584
14594
14598
14613
14622
14629
14636
14637
14660
14664
14671
14671
14675
14682
14735
14742
14750
14751
14762
14768
14793
14803
14815
14815
14852
14867
14882
14887
14890
14893
14913
14930
14936
14939
14945
14960
14963
14964
14977
14979
14986
15001
15013
15037
15038
15056
15057
15062
15069
15081
15084
15096
15100
15103
15122
15122
15130
15136
15150
15159
15161
15164
15182
15189
15202
15209
15224
15227
15241
15244
15250
15270
15330
15345
15349
15349
15357
15360
15367
15375
15392
15408
15413
15415
15425
15468
15473
15486
15491
15508
15530
15556
15578
15600
15623
15625
15642
15643
15647
15657
15661
15663
15679
15684
15694
15701
15712
15718
15719
15720
15726
15730
15748
15771
15777
15780
15790
15802
15803
15804
15814
15816
15816
15851
15860
15862
15877
15885
15896
15897
15897
15904
15908
15940
15942
15943
15953
15963
15973
15998
16009
16010
16011
16036
16052
16053
16060
16081
16091
16094
16099
16107
16107
16108
16111
16126
16131
16146
16169
16169
16173
16198
16206
16222
16225
16254
16272
16279
16285
16290
16313
16317
16326
16326
16330
16351
16352
16354
16363
16365
16373
16375
16397
16400
16404
16419
16454
16484
16489
16490
16530
16546
16547
16556
16561
16576
16616
16643
16648
16663
16666
16690
16726
16730
16739
16744
16744
16763
16766
16771
16791
16792
16828
16841
16843
16865
16872
16880
16884
16891
16893
16896
16902
16917
16919
16933
16937
16942
16942
16951
16985
16988
16989
16998
17012
17028
17038
17038
17051
17060
17061
17087
17091
17097
17103
17104
17106
17118
17124
17126
17148
17166
17181
17202
17204
17231
17271
17283
17361
17364
17378
17395
17396
17401
17410
17422
17434
17437
17447
17455
17457
17458
17470
17471
17482
17485
17494
17520
17523
17527
17550
17562
17569
17572
17572
17582
17588
17603
17606
17609
17624
17634
17638
17651
17651
17653
17653
17654
17660
17661
17671
17680
17697
17697
17705
17711
17733
17741
17756
17761
17766
17767
17769
17800
17806
17814
17815
17818
17827
17835
17837
17855
17862
17874
17878
17885
17899
17912
17919
17922
17930
17931
17932
17937
17939
17960
17967
17974
17975
18014
18019
18026
18035
18035
18036
18056
18065
18070
18079
18088
18092
18097
18097
18100
18117
18124
18134
18135
18138
18145
18146
18155
18157
18159
18171
18173
18177
18185
18191
18194
18220
18228
18233
18285
18292
18303
18308
18315
18336
18350
18373
18378
18393
18398
18407
18441
18454
18455
18468
18475
18481
18498
18499
18502
18504
18519
18521
18524
18529
18529
18537
18548
18566
18586
18589
18591
18604
18606
18611
18613
18629
18629
18637
18644
18651
18678
18684
18705
18710
18710
18716
18744
18750
18754
18792
18812
18824
18827
18833
18834
18867
18878
18893
18909
18932
18965
18968
18973
18980
19016
19021
19038
19051
19075
19095
19096
19100
19105
19118
19134
19137
19137
19154
19163
19172
19184
19187
19188
19203
19210
19223
19225
19229
19235
19256
19262
19267
19273
19279
19315
19342
19356
19358
19365
19369
19375
19389
19396
19406
19409
19424
19425
19425
19426
19426
19432
19440
19452
19467
19469
19472
19477
19489
19506
19515
19517
19522
19527
19537
19542
19556
19568
19568
19570
19572
19583
19588
19606
19637
19675
19686
19695
19695
19695
19699
19709
19718
19721
19722
19731
19735
19740
19752
19760
19762
19766
19769
19777
19780
19780
19805
19808
19814
19816
19821
19837
19849
19852
19854
19855
19856
19865
19866
19879
19880
19884
19892
19909
19930
19932
19946
19958
19976
19977
20037
20074
20082
20086
20087
20093
20094
20099
20105
20113
20114
20119
20125
20164
20169
20171
20177
20181
20188
20204
20206
20249
20260
20261
20269
20275
20276
20279
20304
20307
20310
20310
20318
20320
20325
20351
20356
20364
20368
20374
20386
20402
20403
20408
20418
20423
20448
20448
20459
20467
20473
20485
20493
20505
20513
20552
20554
20582
20583
20583
20583
20614
20623
20625
20625
20626
20635
20647
20658
20677
20703
20735
20736
20739
20744
20750
20756
20757
20764
20781
20807
20807
20808
20810
20825
20827
20828
20830
20834
20843
20843
20874
20904
20907
20909
20909
20925
20926
20929
20939
20939
20949
20970
20978
20979
21006
21023
21041
21043
21056
21057
21088
21111
21112
21114
21117
21125
21126
21145
21157
21166
21169
21177
21193
21195
21225
21228
21232
21244
21245
21264
21277
21298
21334
21352
21367
21393
21441
21442
21462
21467
21488
21500
21500
21509
21514
21536
21553
21558
21560
21571
21614
21644
21651
21658
21672
21677
21677
21690
21696
21697
21718
21720
21721
21723
21736
21737
21753
21762
21789
21802
21808
21810
21824
21824
21838
21857
21867
21884
21899
21914
21933
21954
21957
21968
21979
21982
21988
21991
22028
22040
22050
22050
22056
22060
22071
22072
22080
22097
22098
22114
22119
22126
22128
22130
22132
22145
22148
22149
22158
22167
22176
22188
22202
22211
22255
22255
22293
22296
22298
22299
22301
22316
22317
22322
22325
22333
22357
22361
22393
22395
22397
22398
22399
22421
22428
22429
22439
22451
22452
22471
22488
22497
22513
22514
22522
22545
22565
22574
22586
22588
22596
22601
22611
22619
22637
22654
22682
22704
22716
22716
22721
22726
22728
22739
22779
22784
22797
22807
22810
22839
22843
22844
22846
22849
22850
22851
22853
22865
22869
22873
22886
22887
22891
22898
22901
22903
22905
22905
22911
22914
22922
22944
22957
22963
22968
22973
22983
22991
22995
22999
23010
23013
23064
23066
23099
23104
23112
23134
23144
23155
23169
23190
23192
23196
23213
23227
23227
23237
23247
23248
23249
23275
23278
23282
23284
23291
23292
23310
23326
23354
23363
23364
23396
23397
23431
23442
23446
23461
23470
23475
23480
23483
23500
23501
23543
23545
23546
23562
23566
23567
23580
23600
23602
23653
23662
23665
23674
23686
23699
23700
23724
23743
23746
23748
23756
23763
23774
23780
23788
23819
23840
23849
23862
23868
23870
23884
23923
23925
23932
23939
23946
23959
23963
23996
24001
24014
24014
24017
24023
24040
24047
24048
24068
24080
24102
24108
24114
24126
24145
24146
24148
24150
24152
24170
24174
24179
24179
24191
24216
24228
24257
24276
24277
24286
24296
24305
24325
24328
24339
24346
24358
24358
24361
24370
24392
24394
24396
24432
24442
24452
24491
24499
24511
24512
24533
24547
24580
24586
24588
24602
24610
24621
24652
24670
24703
24704
24707
24707
24707
24715
24716
24719
24721
24724
24725
24735
24758
24760
24762
24769
24783
24803
24823
24835
24840
24841
24844
24850
24917
24918
24919
24924
24941
24942
24944
24945
24979
24983
24994
24999
25024
25025
25030
25039
25058
25076
25077
25098
25105
25105
25118
25119
25150
25151
25175
25178
25183
25191
25198
25235
25236
25240
25242
25245
25262
25268
25275
25284
25289
25292
25305
25307
25307
25309
25313
25315
25316
25322
25329
25348
25361
25361
25367
25368
25368
25382
25393
25398
25410
25441
25443
25450
25471
25474
25476
25481
25509
25515
25520
25529
25556
25561
25565
25576
25581
25582
25599
25599
25619
25621
25631
25632
25640
25642
25643
25652
25657
25663
25668
25669
25670
25688
25691
25695
25724
25760
25762
25766
25775
25780
25800
25804
25804
25807
25807
25820
25823
25832
25847
25857
25865
25868
25869
25894
25924
25933
25935
25937
25940
25944
25948
25951
25952
25954
25957
25958
26000
26003
26015
26019
26023
26026
26048
26063
26072
26108
26141
26167
26168
26171
26217
26221
26224
26227
26234
26244
26245
26247
26248
26254
26258
26259
26260
26273
26276
26288
26297
26329
26340
26347
26354
26358
26361
26366
26368
26369
26374
26376
26388
26395
26420
26430
26440
26443
26452
26460
26483
26490
26534
26545
26564
26565
26571
26575
26576
26588
26592
26596
26596
26607
26607
26612
26612
26627
26630
26633
26659
26676
26677
26682
26683
26687
26695
26697
26712
26714
26721
26734
26740
26752
26765
26773
26775
26780
26797
26806
26825
26829
26830
26830
26851
26861
26862
26865
26869
26874
26881
26891
26892
26916
26932
26952
26953
26961
26963
26964
26975
26993
26996
27014
27056
27065
27067
27086
27099
27108
27150
27185
27191
27213
27248
27249
27268
27269
27276
27281
27313
27320
27323
27332
27345
27390
27392
27394
27403
27412
27448
27464
27471
27482
27488
27502
27513
27518
27523
27537
27543
27551
27557
27578
27589
27593
27612
27622
27623
27625
27633
27635
27641
27685
27688
27715
27731
27767
27768
27799
27800
27802
27803
27838
27842
27848
27849
27852
27857
27877
27912
27913
27917
27930
27931
27945
27967
27970
27971
27982
27992
27998
28008
28033
28035
28040
28041
28042
28044
28051
28063
28070
28105
28113
28126
28127
28131
28135
28135
28136
28148
28155
28167
28168
28194
28215
28225
28226
28241
28257
28281
28298
28309
28357
28363
28367
28398
28410
28412
28423
28454
28473
28477
28499
28516
28528
28532
28570
28588
28603
28613
28615
28625
28629
28636
28647
28651
28657
28661
28665
28690
28692
28702
28707
28713
28722
28725
28745
28760
28761
28765
28774
28775
28780
28781
28795
28796
28796
28811
28817
28827
28830
28851
28858
28873
28885
28889
28908
28916
28917
28937
28946
28958
28959
28967
28972
28979
28984
28985
28990
29022
29023
29027
29032
29037
29063
29066
29068
29075
29096
29106
29114
29114
29115
29139
29142
29149
29184
29185
29190
29204
29242
29253
29254
29267
29288
29293
29294
29315
29317
29344
29349
29365
29412
29412
29426
29458
29467
29469
29473
29484
29494
29495
29496
29500
29514
29518
29533
29542
29543
29566
29586
29587
29598
29607
29622
29622
29633
29634
29639
29659
29661
29665
29698
29705
29723
29732
29732
29737
29748
29753
29765
29766
29770
29782
29824
29830
29846
29846
29850
29865
29884
29906
29910
29916
29924
29934
29940
29947
29954
29956
29985
29990
29993
29994
30000
30002
30018
30021
30030
30057
30066
30068
30120
30146
30146
30152
30162
30185
30187
30214
30239
30250
30254
30257
30265
30270
30280
30281
30283
30284
30289
30310
30320
30339
30346
30363
30366
30381
30389
30390
30402
30404
30405
30428
30444
30454
30471
30474
30482
30489
30490
30496
30508
30513
30516
30518
30519
30522
30524
30543
30552
30555
30559
30561
30572
30588
30590
30597
30597
30605
30620
30653
30656
30668
30673
30677
30702
30726
30733
30739
30740
30748
30769
30777
30803
30808
30808
30810
30814
30819
30846
30852
30878
30884
30888
30891
30904
30914
30925
30939
30945
30951
30960
30964
30965
30995
31005
31019
31021
31025
31042
31070
31073
31080
31087
31088
31090
31095
31101
31103
31123
31126
31139
31149
31169
31171
31176
31214
31239
31245
31254
31257
31264
31269
31272
31288
31311
31314
31314
31315
31326
31328
31336
31358
31360
31365
31370
31381
31387
31401
31425
31429
31433
31442
31446
31449
31451
31468
31477
31485
31488
31491
31500
31506
31512
31519
31543
31545
31576
31581
31591
31596
31603
31613
31620
31634
31639
31642
31643
31652
31672
31674
31704
31710
31711
31728
31732
31742
31753
31754
31757
31774
31778
31778
31792
31811
31814
31825
31832
31857
31860
31908
31917
31952
31952
31984
32016
32031
32052
32082
32092
32098
32102
32104
32106
32113
32135
32136
32163
32164
32173
32211
32219
32223
32242
32249
32259
32262
32262
32270
32274
32274
32285
32287
32303
32304
32304
32312
32316
32321
32334
32339
32352
32362
32400
32440
32452
32456
32460
32495
32500
32512
32513
32515
32516
32553
32557
32569
32577
32579
32601
32607
32608
32610
32631
32633
32634
32641
32642
32651
32704
32740
32757
32771
32771
32773
32785
32789
32803
32805
32817
32829
32847
32847
32874
32890
32895
32900
32923
32924
32935
32938
32953
32969
32971
32987
33002
33012
33024
33031
33032
33033
33047
33052
33068
33078
33079
33083
33091
33102
33106
33111
33116
33124
33129
33133
33138
33139
33143
33157
33158
33164
33167
33169
33170
33171
33195
33196
33205
33219
33224
33228
33240
33248
33250
33263
33290
33341
33346
33363
33368
33372
33374
33375
33379
33380
33388
33388
33395
33405
33407
33410
33410
33412
33415
33424
33427
33431
33432
33436
33462
33469
33471
33482
33491
33503
33506
33512
33522
33532
33543
33564
33566
33579
33584
33591
33593
33596
33603
33625
33632
33635
33638
33639
33640
33649
33682
33684
33694
33696
33697
33722
33725
33726
33733
33755
33766
33769
33783
33807
33812
33812
33858
33873
33906
33917
33930
33944
33950
33976
33984
33987
33993
34007
34014
34015
34018
34050
34064
34067
34069
34145
34150
34150
34172
34176
34180
34183
34188
34207
34207
34214
34221
34247
34267
34280
34283
34293
34313
34320
34332
34343
34345
34348
34356
34369
34370
34379
34419
34424
34426
34428
34429
34434
34436
34440
34455
34460
34486
34488
34491
34499
34509
34516
34522
34539
34598
34624
34624
34654
34655
34687
34689
34699
34720
34730
34745
34751
34756
34760
34778
34782
34784
34800
34842
34843
34844
34853
34860
34872
34887
34890
34892
34897
34901
34914
34923
34931
34935
34937
34981
34992
34994
34995
34996
34996
35009
35011
35027
35029
35029
35031
35065
35070
35074
35077
35114
35118
35120
35131
35156
35161
35185
35197
35198
35219
35235
35251
35263
35271
35274
35277
35307
35308
35323
35347
35356
35356
35358
35376
35386
35386
35412
35417
35421
35422
35427
35432
35432
35435
35449
35460
35469
35475
35491
35495
35499
35512
35518
35526
35532
35542
35551
35557
35559
35562
35573
35577
35587
35590
35591
35595
35595
35608
35628
35629
35639
35654
35655
35661
35679
35689
35690
35696
35724
35730
35736
35738
35742
35756
35768
35781
35788
35792
35798
35803
35806
35807
35822
35826
35830
35841
35857
35870
35875
35881
35882
35895
35900
35904
35914
35917
35920
35930
35933
35958
35975
36011
36020
36021
36032
36036
36041
36064
36065
36067
36077
36087
36091
36094
36108
36109
36112
36126
36141
36143
36152
36154
36170
36176
36184
36198
36202
36205
36211
36214
36233
36238
36260
36262
36262
36280
36289
36304
36309
36328
36334
36335
36336
36358
36359
36373
36388
36396
36407
36409
36423
36431
36435
36440
36459
36459
36460
36460
36463
36465
36474
36478
36478
36485
36489
36494
36504
36507
36513
36516
36517
36524
36529
36537
36548
36569
36600
36600
36602
36608
36610
36623
36686
36713
36713
36722
36725
36730
36733
36745
36750
36763
36771
36789
36802
36849
36859
36872
36875
36893
36896
36914
36919
36928
36940
36942
36954
36955
36967
36975
36975
36991
36995
37011
37031
37051
37064
37064
37069
37070
37074
37099
37121
37140
37159
37168
37177
37180
37182
37185
37188
37190
37223
37233
37242
37254
37263
37263
37275
37276
37278
37281
37291
37303
37304
37334
37371
37375
37376
37393
37401
37407
37428
37432
37435
37437
37441
37483
37488
37490
37511
37531
37531
37537
37556
37559
37578
37578
37581
37586
37591
37595
37600
37604
37605
37609
37610
37611
37619
37619
37640
37642
37646
37666
37670
37695
37697
37710
37713
37715
37718
37720
37722
37729
37739
37769
37777
37783
37815
37837
37840
37854
37856
37862
37883
37886
37922
37939
37960
37961
37971
37992
37999
38011
38015
38027
38049
38077
38096
38098
38100
38101
38102
38110
38126
38131
38140
38202
38207
38211
38218
38266
38275
38278
38333
38349
38362
38374
38377
38384
38408
38434
38439
38456
38475
38477
38482
38495
38501
38511
38516
38524
38527
38527
38534
38542
38549
38596
38599
38599
38600
38611
38615
38640
38646
38659
38665
38676
38679
38690
38698
38718
38728
38759
38766
38776
38785
38795
38797
38810
38810
38822
38823
38824
38835
38854
38870
38907
38910
38935
38938
38945
38963
38963
38966
39003
39003
39033
39045
39048
39050
39052
39063
39075
39100
39107
39114
39119
39121
39130
39146
39157
39159
39160
39169
39181
39189
39195
39214
39227
39241
39247
39251
39253
39282
39299
39316
39331
39363
39381
39388
39406
39420
39420
39421
39421
39432
39438
39447
39448
39458
39466
39469
39480
39511
39525
39536
39547
39566
39566
39571
39589
39614
39618
39660
39668
39675
39689
39693
39716
39716
39717
39729
39731
39738
39752
39772
39797
39806
39825
39844
39845
39848
39848
39849
39872
39889
39898
39917
39925
39929
39931
39932
39936
39944
39948
39948
39948
39948
39954
39970
39980
39982
39984
39992
40005
40011
40017
40025
40054
40059
40069
40071
40075
40077
40099
40104
40109
40117
40131
40133
40139
40156
40156
40158
40166
40171
40172
40205
40226
40274
40284
40292
40295
40300
40302
40308
40328
40332
40346
40349
40351
40377
40385
40390
40397
40403
40404
40411
40440
40453
40457
40468
40468
40515
40522
40528
40530
40532
40539
40565
40569
40570
40575
40586
40590
40591
40593
40603
40603
40617
40618
40624
40627
40632
40638
40651
40660
40674
40688
40699
40714
40715
40723
40741
40743
40765
40773
40773
40784
40792
40809
40817
40825
40839
40844
40852
40860
40861
40880
40887
40890
40892
40892
40907
40911
40929
40999
41002
41032
41037
41044
41044
41059
41096
41100
41107
41134
41163
41182
41196
41202
41203
41206
41212
41218
41241
41243
41266
41273
41295
41295
41327
41350
41353
41397
41404
41405
41408
41413
41456
41472
41484
41500
41510
41515
41516
41526
41560
41572
41586
41588
41589
41595
41598
41600
41615
41626
41637
41644
41644
41661
41690
41697
41700
41706
41706
41720
41725
41730
41738
41752
41763
41771
41778
41779
41786
41787
41795
41796
41829
41840
41843
41848
41867
41868
41870
41872
41875
41876
41881
41881
41959
41963
41963
41970
41984
41991
42004
42020
42051
42064
42088
42097
42102
42107
42116
42117
42121
42134
42135
42144
42152
42156
42161
42163
42175
42204
42206
42206
42208
42215
42216
42222
42226
42233
42243
42244
42255
42268
42272
42288
42302
42302
42306
42324
42332
42333
42338
42364
42381
42389
42405
42409
42410
42414
42427
42440
42460
42467
42470
42485
42497
42505
42510
42513
42528
42538
42539
42541
42557
42563
42567
42606
42624
42632
42654
42716
42719
42734
42735
42736
42740
42743
42753
42758
42765
42781
42781
42783
42790
42793
42794
42802
42805
42807
42820
42840
42854
42859
42860
42874
42888
42890
42896
42897
42900
42920
42928
42929
42957
42968
42973
42973
42986
42987
43012
43014
43020
43020
43029
43032
43035
43040
43052
43054
43083
43094
43097
43098
43100
43104
43114
43129
43142
43165
43192
43193
43197
43207
43211
43217
43237
43248
43269
43270
43280
43282
43307
43310
43314
43332
43335
43337
43341
43352
43355
43359
43365
43370
43379
43380
43389
43403
43407
43421
43423
43426
43433
43436
43443
43450
43459
43467
43472
43487
43492
43517
43543
43563
43568
43571
43578
43584
43599
43601
43607
43623
43624
43624
43628
43631
43632
43637
43640
43641
43663
43669
43697
43697
43702
43703
43711
43713
43724
43724
43736
43737
43737
43745
43746
43752
43758
43759
43768
43770
43773
43779
43781
43814
43823
43823
43825
43828
43829
43841
43848
43871
43883
43884
43896
43908
43927
43934
43939
43943
43943
43955
43957
43968
43970
43978
44003
44006
44008
44008
44018
44020
44048
44064
44065
44067
44078
44090
44092
44102
44108
44116
44134
44149
44165
44166
44183
44192
44204
44208
44214
44218
44218
44223
44239
44240
44240
44241
44251
44270
44271
44285
44287
44295
44300
44315
44326
44358
44367
44400
44421
44425
44432
44433
44436
44462
44464
44486
44489
44491
44492
44493
44508
44515
44534
44535
44546
44548
44550
44566
44584
44586
44605
44605
44606
44608
44608
44624
44629
44635
44650
44652
44659
44680
44682
44700
44703
44729
44746
44761
44783
44785
44797
44807
44826
44827
44828
44842
44850
44854
44883
44884
44892
44914
44933
44954
44960
44979
44983
45002
45003
45003
45013
45014
45016
45016
45017
45025
45035
45038
45044
45066
45066
45095
45115
45128
45155
45166
45178
45179
45191
45202
45215
45240
45243
45248
45260
45296
45302
45303
45309
45322
45325
45333
45343
45355
45368
45369
45385
45387
45390
45391
45394
45397
45422
45447
45450
45463
45477
45477
45479
45483
45489
45490
45498
45513
45513
45528
45529
45532
45540
45546
45557
45573
45584
45604
45617
45627
45633
45635
45641
45643
45644
45645
45646
45650
45657
45659
45672
45699
45710
45712
45756
45761
45765
45782
45793
45796
45796
45819
45822
45827
45838
45839
45855
45860
45869
45882
45884
45916
45927
45949
45953
45957
45965
45966
45973
45982
45984
45984
45984
45994
46011
46031
46042
46053
46073
46075
46081
46087
46105
46106
46112
46114
46132
46138
46177
46184
46188
46207
46213
46226
46239
46248
46257
46257
46261
46264
46300
46308
46312
46316
46319
46329
46343
46351
46370
46378
46384
46384
46397
46410
46412
46419
46428
46433
46454
46464
46476
46491
46496
46497
46510
46521
46538
46551
46555
46557
46564
46579
46587
46597
46604
46606
46608
46612
46616
46622
46628
46631
46642
46648
46648
46653
46657
46659
46661
46672
46674
46675
46690
46707
46716
46718
46728
46733
46743
46756
46776
46778
46797
46801
46822
46843
46848
46850
46857
46867
46872
46887
46917
46936
46947
46957
46961
46962
46969
46978
46982
47001
47018
47030
47033
47054
47063
47067
47069
47072
47073
47075
47076
47088
47094
47099
47105
47106
47109
47116
47126
47129
47134
47136
47151
47152
47158
47180
47182
47210
47217
47218
47226
47228
47230
47236
47236
47246
47260
47271
47278
47294
47298
47309
47330
47330
47347
47352
47354
47369
47381
47390
47391
47395
47411
47430
47460
47468
47471
47474
47534
47537
47550
47551
47559
47580
47594
47632
47636
47654
47666
47685
47693
47702
47703
47704
47707
47726
47728
47772
47778
47784
47791
47801
47810
47818
47818
47823
47832
47834
47835
47846
47854
47870
47877
47877
47882
47897
47905
47912
47926
47927
47942
47949
47951
47953
47965
47966
47976
47982
47988
47995
48015
48018
48021
48043
48074
48088
48099
48100
48101
48103
48134
48145
48154
48178
48184
48186
48191
48194
48224
48225
48225
48232
48240
48256
48270
48271
48271
48314
48314
48323
48324
48325
48343
48351
48360
48386
48387
48396
48400
48400
48406
48420
48478
48510
48521
48523
48527
48538
48554
48568
48571
48573
48589
48598
48599
48606
48612
48616
48641
48654
48663
48671
48679
48680
48702
48706
48709
48716
48730
48734
48746
48757
48758
48772
48780
48792
48802
48802
48808
48832
48836
48842
48853
48866
48867
48872
48875
48889
48896
48897
48916
48920
48922
48934
48938
48959
48962
48970
48973
48976
48988
48993
49000
49013
49032
49041
49067
49075
49079
49084
49107
49112
49126
49142
49175
49176
49177
49186
49188
49189
49201
49204
49236
49239
49243
49259
49271
49311
49332
49365
49371
49385
49398
49399
49404
49409
49416
49422
49434
49456
49459
49481
49481
49488
49494
49571
49575
49577
49581
49583
49583
49611
49637
49647
49660
49672
49690
49694
49697
49716
49728
49733
49735
49751
49753
49755
49762
49780
49785
49804
49818
49827
49854
49856
49864
49881
49896
49939
49940
49950
49953
49961
49965
49966
49968
50000
