2896
9671
4726
2673
6941
7313
7527
2922
2006
2449
8928
2481
3387
1637
7279
4123
1050
2034
9138
4786
6720
2779
5958
4190
211
3045
6865
9294
7062
5707
941
288
3293
490
1654
2479
1789
9190
8462
7533
4849
2302
8974
3259
966
5467
6231
1583
4289
1913
703
3298
4634
1648
2373
9176
112
6081
8726
7766
7345
2628
1513
5376
445
8155
1692
133
2291
7108
6388
8920
2221
2456
4578
9070
3122
3693
7863
255
1980
1395
6875
5635
3642
2001
2320
4080
2121
2178
6935
5036
4428
1926
2942
392
4898
3253
9474
5786
3191
9614
4619
9303
2763
7716
2076
2154
7608
1105
2821
7012
5335
2993
9847
5387
6131
2989
1785
2817
4045
7357
6744
6261
6162
42
4536
9498
891
7882
7417
5651
7512
8963
3429
1621
539
5198
7816
2208
902
1704
7815
2540
25
9520
8982
2300
3719
4371
3249
9704
2534
8182
5911
8115
4942
6749
8512
6867
53
1852
1726
6260
3611
7928
5016
6784
9238
6400
3207
2686
632
6622
6155
8417
6977
7095
605
4258
549
4939
2345
4435
6197
7799
2070
5672
4177
8138
4704
1366
6307
9505
3657
1982
1984
2614
2865
6608
4485
1322
3465
5884
7208
8283
5038
5267
1856
8307
9936
2735
1707
6221
4992
2056
123
4079
5022
2229
5260
2539
2041
8731
3677
4009
7880
1034
6468
1454
8973
8073
4965
8075
7970
5896
5394
572
914
9004
8407
6491
4164
8434
7059
7577
3325
8185
6676
5495
9415
4086
1099
1257
499
8183
7346
7671
6389
5968
7011
9620
9757
2846
5792
4283
2321
6073
5449
8436
4637
949
5912
5062
240
5604
6762
6303
4154
6961
589
8914
7581
7422
3686
8988
9286
648
424
9402
1902
5438
4565
9386
5654
6005
6002
4996
4180
6528
9828
9111
7118
1543
6596
3286
7089
3052
8411
3541
3401
72
3947
9866
5227
4376
626
3801
9459
6437
2787
2128
9283
8826
8500
9550
4126
8634
8356
9139
6375
6646
1818
2305
3700
302
9628
9880
7209
3270
1276
9189
6909
2160
2451
2018
3211
843
6186
7611
5464
9876
5202
4656
4641
592
2620
5174
4365
9702
6665
7613
5619
4742
5930
5100
1265
782
729
8964
980
6315
68
4583
289
5144
7216
7262
7986
6487
9899
3713
1780
4340
8890
7035
6695
4308
2177
7809
9819
9244
6006
8799
7933
6696
6858
4558
9969
1496
9766
9501
8818
7363
8632
5076
7294
3123
1847
8243
2651
8564
8130
5588
3125
5552
4093
855
3275
2542
4475
8190
3939
4055
149
8189
917
8388
8820
8822
3623
9069
488
9946
5829
7149
2200
3539
4832
1318
998
4384
9643
8070
129
1550
9337
7695
9275
257
7478
5044
9081
5068
8163
4438
1727
299
2703
6244
2129
5241
5371
1507
8482
1234
1743
8227
153
6605
9913
1166
483
9543
6399
3506
5288
4804
2858
6939
7195
1278
6910
57
3151
2838
6830
4717
7324
3030
4430
9778
5152
838
4071
3845
9591
8188
8021
7793
4953
8904
8549
1606
7265
443
3426
9284
1565
5370
7234
1071
7885
4396
4443
3438
1677
2894
8721
2513
7222
9956
5819
5583
8449
3029
6911
5850
2906
3951
6072
7237
2142
979
8066
3153
6642
6193
9611
5710
4883
9152
9168
1854
8730
6566
60
2267
4234
7868
6536
9321
1676
3397
6454
7473
6951
1815
4167
6824
7264
2216
1468
7057
9923
9028
4290
4838
2166
3666
177
6693
9892
8738
9621
46
3670
3159
9350
7110
5569
4453
156
3739
2003
2256
1916
7718
8970
9406
8662
5905
6278
7813
6494
2105
521
8354
8489
9709
7016
1119
406
3948
3795
5953
1924
6379
1882
820
583
7240
8157
367
4119
78
9896
301
8652
9851
11
1744
9185
7130
5807
3257
2857
9098
4531
7720
4588
18
5119
6110
8460
3878
610
584
1747
5590
625
9968
3089
4165
1928
4553
2012
1922
1929
5165
3512
9056
7143
4159
8671
4242
7536
9718
890
1767
7498
6198
5867
1599
1708
8498
4792
8551
5512
4451
135
7569
1072
3195
9857
6456
362
8260
3565
2213
9399
2048
2632
8519
5678
9438
743
9359
1268
220
5868
8869
551
1742
8601
2416
1361
4439
7633
6897
3314
9617
3588
7472
7651
9793
1311
7336
1607
2120
140
5115
5323
6333
4744
809
1604
166
5828
9217
3467
6192
2125
7053
2215
1622
5857
5991
9929
7798
9201
9906
1839
6047
903
3083
9765
1729
5205
2284
4518
5783
8350
4655
5564
9246
4995
6163
3212
2023
410
1038
5537
2151
9554
795
1515
5221
7655
9879
9726
192
8899
9551
9815
6990
1827
671
7934
5798
495
9673
4586
8935
3265
3971
3374
8065
5185
8024
9679
8028
3634
7559
6704
6512
3031
6702
7505
3841
659
3976
9194
9063
26
6737
6323
8945
3759
982
9761
5864
997
2249
6136
7250
1153
5816
8055
5231
9653
5768
2528
4540
2988
7438
665
1334
5935
3821
8646
1047
4034
227
7056
6089
5380
2389
1967
4067
5780
8078
7385
1208
5706
768
6098
1910
2609
4506
2707
6740
8015
3716
8933
7401
889
3199
9639
4879
7499
1456
9341
4225
7409
8063
7643
6585
5843
8126
6199
2619
2084
3857
1324
1975
5592
1215
7860
1930
2670
535
2157
8858
9826
7018
777
1618
1774
6718
1816
5460
4493
6752
9948
3853
687
5936
8901
8572
8831
1639
775
4893
4952
168
4956
1269
4170
1745
7082
7376
6403
1117
3800
2627
1112
4599
8402
3889
9228
8200
8092
4951
9103
4728
2049
2841
4870
1275
4719
4592
2499
9021
2582
2715
6940
2133
6764
6362
6687
8781
4137
122
9626
3480
2696
5713
6188
2271
4336
1457
4011
3037
2061
1661
5782
3129
5396
3730
3607
2491
2608
7228
6134
6893
7078
2605
1528
3452
5001
9120
1623
2823
7027
8578
1829
4389
2849
7355
9920
3616
8267
4252
6171
7327
9610
2584
2550
9830
9512
2127
5793
5878
4257
4408
8856
1223
5623
1920
6805
6020
9444
7501
4809
9594
783
5948
9336
8044
5602
8027
7288
6666
2864
6222
2434
6890
8374
9932
4243
6358
7168
3761
566
6135
9163
4084
9333
4846
7544
8729
8306
8663
4705
2725
872
9714
8596
4227
8001
3204
8960
8932
2884
8247
2432
3205
554
6634
9435
278
9565
5477
5641
3393
3038
638
6725
9112
175
3254
8401
8308
1411
7034
5087
3347
2583
7421
9753
8441
2080
646
9342
2270
3266
1691
650
6592
3967
6751
5642
3351
8347
2600
4959
281
277
2734
1369
7717
7973
6205
4794
2002
8590
5311
5540
1997
7020
9057
6823
9855
5701
6969
4684
173
4394
3776
6022
84
3843
2059
5481
826
7948
4263
9065
2082
1113
5899
2999
7437
8727
8215
5966
1155
2265
618
5245
6905
7771
4902
5428
8757
5349
6661
6218
346
1399
2298
7738
601
1985
3921
3081
7810
4663
7189
5372
4413
8997
1148
869
1502
7343
1879
4700
7509
6212
3580
7632
9296
3848
4618
4383
654
5501
3918
7829
5593
3559
8923
831
2848
3877
7964
7617
4442
975
7051
7660
8328
4339
967
9579
5130
3209
7375
2217
9410
8160
1010
9769
6281
4629
8030
6446
6443
264
7902
1339
7908
6233
1219
3454
6631
9468
3858
8234
7939
8667
6861
8594
3466
2963
3239
3375
5974
9703
225
7282
8499
3984
1198
4880
7008
6506
7673
1598
5745
4346
6485
9723
1575
9429
4822
368
9663
5508
2581
9401
2573
686
3406
4431
1460
7616
8333
8704
4202
3662
977
1405
5984
3021
8908
8358
439
7468
4050
4403
8838
1936
7138
606
8435
857
3062
1762
9668
7997
7052
4276
6600
9403
9919
8317
1256
3137
2259
8637
2706
3291
3779
3530
8158
7440
2083
9240
1625
3244
4294
7547
4909
9382
4210
9933
4273
352
695
4529
570
5633
7767
2382
1971
9442
762
1279
3354
4043
4492
9772
1820
8083
7852
5972
2329
5989
7984
3829
3281
9016
9461
9762
7741
3469
5489
2088
1110
1568
9738
2943
3184
9883
204
9226
8031
2019
9010
75
5086
2834
4659
1447
9552
2461
6794
699
7865
5871
5547
5901
764
6712
8282
7452
8033
8867
2523
8168
361
1993
1613
7899
5257
5085
9413
6845
3856
1259
3895
8639
840
4277
4398
7674
3863
325
1
6157
441
9160
7315
2975
5342
9377
6632
6404
1883
1134
7471
4344
1833
2804
2431
8771
2167
1413
2808
1000
2445
6165
9773
974
9001
6353
5437
6582
1738
9067
2587
6755
5577
2732
7266
6903
4627
3851
4936
4596
609
4047
5686
1152
8909
397
569
8658
7735
3999
6672
6882
6148
9558
4639
4269
2488
2753
8222
6161
9488
3096
6093
3977
6420
8735
5945
2317
658
2842
3380
2796
245
714
6213
5667
9390
534
4161
2711
2498
9589
5861
8000
9522
7287
5366
4010
8056
165
8454
5730
5743
9193
4603
5523
7485
366
2189
4073
2087
3005
1293
9878
616
2337
9006
6031
7398
1084
7152
6971
4668
9680
8298
5049
9395
3106
6419
4676
3258
4766
4253
8903
3949
4937
4692
9914
1170
1777
4030
6756
6532
5197
6714
5873
6701
1002
2472
339
4366
9922
7561
1531
5047
8428
9142
2296
3950
6037
6559
6102
7386
7835
4033
1942
2046
1927
4053
5599
2968
1909
7166
785
3864
615
2314
5726
5065
5733
8100
9571
8570
7779
8220
9538
2288
3173
1309
3659
260
4973
8951
3471
7254
9323
6639
5290
3671
4993
5424
4356
6495
4701
8647
6874
9973
1487
5230
5660
9958
2881
1401
2263
2650
6018
1385
2687
3163
9750
9420
1821
753
5192
2788
2153
9796
1899
9087
9597
261
6275
6377
1521
9954
4469
8206
9385
6856
4461
3202
2279
3850
1370
8689
1054
7752
3767
5126
3382
6787
6982
3632
3020
2869
234
2109
3615
5348
4305
9805
6999
9824
8604
1549
2310
4238
93
1263
8271
5888
4054
9556
6958
1935
3969
9934
4512
2181
7348
4977
4762
2135
7929
8069
7792
3578
7874
3847
704
273
7944
5307
711
6849
6798
1865
5608
2430
7854
6892
8871
825
7459
4867
5268
3828
2203
6944
5939
7365
1183
9302
1731
7101
9130
8777
9573
3548
5817
2311
4470
304
3408
7719
6277
1246
3033
2242
927
4330
5494
3283
6769
1630
5391
5160
5280
5555
3200
1570
4743
1349
6950
2047
515
3924
6250
6158
6436
8805
9872
3388
8233
2749
6007
143
1591
9384
2944
7218
5158
6936
5384
9695
437
8409
3993
9763
538
5738
2482
1544
5587
2039
7822
5107
5183
9257
2579
7007
6541
5772
595
4974
9423
1819
7963
2825
233
5210
8248
6248
9062
8355
7207
2843
3011
9368
4933
9901
6619
1761
2024
404
9417
4534
7532
851
5014
7252
7317
7796
3996
4513
3432
377
8837
2144
9725
4584
9308
9606
1058
4903
8276
1191
4473
7347
6075
6486
4112
6584
3584
6511
5702
271
6236
9727
7479
5414
3247
6143
4136
4302
8830
3516
7191
1472
1032
5441
2423
8620
8787
3372
641
189
7126
8870
1149
6562
4643
8688
7917
6795
6265
3729
7194
2198
1511
3646
9340
6286
3838
9609
862
4674
5649
6993
9683
2159
8187
9351
4630
5794
2454
9685
5000
9404
6449
6280
4295
409
5186
8891
2462
1225
5771
7173
7629
4000
2558
241
5677
6459
2751
6405
4782
3978
4320
3364
1941
3770
9995
5427
5385
877
6337
3028
5661
3410
4511
2175
4301
8376
5237
1634
1178
3309
2425
6129
8361
8624
5518
2853
4924
3496
1059
6688
9871
543
3817
5500
5527
6995
4961
382
1725
850
2510
3557
7626
5093
1355
3633
909
5519
7099
9619
7800
4332
9273
6216
4217
2591
9660
454
8701
3147
7686
3625
9707
8940
2439
9106
54
6832
6895
4623
9378
7276
5057
55
9950
2257
1595
5118
1150
5067
2774
2393
1642
9803
707
3860
7967
2979
6175
1671
6827
4853
6501
3926
7506
1665
5992
5933
7687
2147
5159
7015
4514
805
2260
1518
7712
7743
666
3595
705
8715
3574
3593
8469
6510
9858
4533
7621
8505
5617
1146
4089
5343
8420
5855
1475
7072
5041
4573
1250
7065
5409
5788
1052
4075
9957
2805
2680
4231
9159
5073
3738
5017
7074
1485
9033
1189
1043
7678
3973
4155
8685
4386
4362
4751
852
6169
4499
2801
5033
4437
1788
5963
6114
198
4241
3358
6630
7070
593
3376
1449
24
3618
7952
7183
6288
6191
5628
4329
9730
1776
9618
6899
5099
1562
7983
5078
3721
9605
9055
784
8426
8290
9846
5810
9715
1499
5282
3477
899
1291
2964
9195
8124
6917
2909
911
125
7711
7005
459
1732
279
1782
7146
4554
6069
9462
822
4501
9850
5565
170
4949
6621
2468
1434
3490
9478
773
5881
1222
8710
6154
4894
2847
7789
2063
7650
957
7728
1182
7689
1735
3264
4369
2521
873
1204
5729
296
7329
4556
2396
6782
8665
7637
4026
6817
3107
5756
5196
5445
303
5805
6640
637
4484
6543
3167
2985
8917
214
8077
540
1137
7161
3157
4463
746
731
3715
3161
9454
2357
4412
2407
8873
2261
9526
4896
1799
9534
8952
3194
3086
621
9644
701
9735
4877
2503
8740
9237
7788
4143
308
9346
4597
5870
2959
8246
8812
4003
7339
4328
8654
892
2471
4771
7233
5432
3108
5601
9585
2789
179
6208
5285
6145
8216
4818
6347
7924
2496
3449
505
8433
4967
8338
290
5854
8178
5889
3617
790
9242
1895
4061
5746
657
2684
3563
3699
8798
4560
1230
1801
8170
7845
8515
5418
1464
4281
5704
5104
4022
9425
6010
6499
8109
4267
7725
2021
7113
7722
3403
3176
3121
5951
9798
8483
6306
5083
7299
7283
1904
4758
6128
2484
4890
9179
5584
6011
5214
7077
5390
6504
3464
3228
7358
987
8555
3476
8204
3569
684
3823
737
7870
3629
2239
3124
6414
3099
5053
9026
7151
5838
924
2015
7296
1024
1560
1581
4955
4221
4087
578
4103
6681
750
6082
6785
9229
3614
2832
1412
1095
4228
7104
6331
8257
2119
9218
9259
9568
971
874
860
1644
8650
8709
7451
2422
2514
7248
3638
2197
8277
9231
8861
411
2448
475
5932
9561
7344
9993
1963
5831
3726
7475
4712
31
203
2322
1446
3868
2695
9647
7520
1783
3707
3487
2661
8403
9764
2643
4806
3392
8106
5664
5356
9827
8678
9215
3055
9967
5950
5156
3004
791
2690
9964
4166
7256
4940
8094
9572
7729
3718
8711
27
1430
7955
2562
1418
8488
7522
8281
4224
5453
4174
7669
9843
3941
8102
2921
3115
8062
6295
7989
4482
5770
8734
3765
3394
4515
7521
5708
492
7217
5715
3804
7676
9353
5434
418
3892
5251
9170
9625
7351
2214
6159
8375
9287
3672
8810
9856
2682
7747
4545
6739
9800
8761
5259
3114
2085
4338
1663
3323
3826
7001
4215
350
3356
6864
9530
1144
3547
9985
4911
6052
3886
5594
6806
6962
265
9982
7242
8686
6044
6332
1172
8875
4306
6318
4788
395
988
6571
7004
3525
1908
9136
2545
9586
9977
5538
6187
126
7221
9582
6932
228
6610
1389
8167
1308
2161
4632
7133
8110
9515
3041
6711
2819
2360
7503
939
6289
7866
4805
651
7413
8230
5131
3792
2149
1825
9334
5096
2371
4182
3839
808
5714
9235
7414
1221
9889
4962
8955
1280
1254
4375
9366
6424
1217
9313
8404
1696
6357
4798
5355
3342
3474
6264
6522
3809
6033
5596
7837
4546
3146
5459
8905
8817
7679
7185
7693
2500
1893
9042
9452
9132
4297
4538
910
5061
512
3088
1483
8718
2398
6235
7124
9756
5658
2767
5234
4912
908
7107
9416
7780
3292
9288
2544
2923
9239
7855
8236
5193
844
9831
7200
258
3582
7959
8939
4251
4666
6748
5139
2716
2179
3986
6819
6868
4574
9999
6835
9909
114
6612
9926
4209
4600
3345
3154
2180
3535
6206
4784
1461
5764
6410
2385
6116
3733
7968
9908
9989
7694
202
4622
5217
1546
2676
3216
8876
6428
2644
218
3175
6147
9670
6017
8207
4199
8344
9898
3190
1360
6272
246
9188
1770
3706
2043
5846
8638
1383
8119
6529
2436
8865
992
8526
2318
2226
8042
219
6754
5074
4457
4750
4309
1587
8773
2659
2367
5059
423
2115
660
6684
8746
9844
5050
5582
7306
5998
1437
7628
4612
5470
2917
9407
6151
2918
8263
1306
5283
6854
1424
5943
1018
7374
6255
400
1880
2518
9615
1863
4175
3805
9903
3626
7898
8142
715
5882
1626
3576
1266
9997
5351
4035
5253
4018
2107
4761
5035
7998
7831
7834
7449
2997
3386
3297
9902
8272
174
9748
5026
1911
1229
693
7910
4480
2344
1558
3772
789
4699
1925
8744
4980
5563
1723
2404
8425
9588
9472
6973
9134
9517
9598
8614
5688
3470
4675
2557
9443
1636
6415
2635
2452
6322
8857
7961
1329
8580
6481
7803
3610
4312
9629
4904
8900
7308
3930
1427
1711
6604
3443
3203
6825
1576
959
591
7154
9604
4755
2283
9328
8156
9496
3960
6366
9721
6269
2111
7675
5825
4889
7579
7862
7649
3814
3521
9652
3647
7132
208
376
4886
415
4764
1697
2079
2066
7303
6810
7462
1689
2191
4254
1638
7639
2784
3755
2786
7231
448
7811
3072
8071
8733
7219
3136
661
4616
433
2755
2578
9961
3255
7278
2666
2642
3566
1290
9485
1470
113
4057
3963
4561
7362
1372
1765
9307
6664
9752
4206
5475
9910
2612
928
9692
8006
154
7261
3830
8012
6146
6635
9157
6557
7936
6311
4409
565
1277
9322
1516
6648
7702
1968
4635
837
4935
3665
2977
4825
8975
5402
6363
5443
3533
7537
2348
7560
6873
1538
8324
9114
152
5669
4775
6108
6898
9133
3069
9998
4817
8854
2378
1631
3197
2570
4754
2426
9931
1316
393
7281
8987
5931
3880
3094
8897
6130
4745
7135
926
5341
2677
7153
9263
6603
5421
7066
9712
4468
3627
7214
2051
4522
2384
7906
3440
2138
3640
5681
2402
2475
6713
4999
4525
7274
2929
9570
8748
2674
6242
252
1617
326
5077
4359
6097
9204
4424
1255
7467
8154
4882
1455
1524
2976
9699
4796
3683
1614
8068
1045
763
8707
5482
4795
504
4358
9104
7692
3731
161
2571
3723
158
3047
8165
1564
2830
187
8986
7630
8585
1868
7109
7979
7709
3042
1828
9645
6887
5276
6285
1808
8636
7877
6651
9414
9849
7304
4873
6780
6593
1768
8868
9124
9676
2752
7683
6538
9084
103
1313
4646
5278
9590
1103
2517
9717
3635
7652
7411
2792
5692
9710
3276
8016
3732
2844
7045
3909
5696
1817
9014
8692
950
5944
1167
6290
4833
7878
4983
656
5716
9258
628
7606
507
1014
2709
2089
3303
3890
4265
6256
6484
4411
4727
2768
2798
7805
4102
8553
2915
5632
8668
4135
7556
1393
8410
5773
7751
200
99
8245
9637
444
8439
1028
435
7954
722
5754
8089
6067
8113
5201
2758
5568
6401
4638
814
3327
2108
9823
2486
8252
2616
2304
7323
4897
1508
2414
523
4713
5990
8341
4981
446
9276
1659
2078
835
1294
8045
1147
5190
6791
5703
542
634
2611
8670
5652
8450
9770
9630
7302
357
7307
5333
2566
754
8790
5274
8095
408
6870
6730
4647
3756
1658
8765
5875
5021
2585
9675
6872
8319
7476
4773
6652
524
8931
7460
2303
3198
1957
9464
4866
787
4665
9841
883
1312
6570
6274
9214
9277
963
8180
4605
4150
9509
1083
5154
6520
8969
930
3164
9053
1906
9230
2037
242
3095
3701
1694
3551
3155
8019
3981
3562
2549
8173
1337
8485
652
3663
4842
3119
7593
9795
7502
3652
6455
8362
2604
9255
2478
1351
4006
2209
5536
3277
6314
8301
8847
8502
2130
4915
8989
9319
2204
7270
9300
9015
9292
1076
4038
2655
5164
6772
2761
7931
8034
2199
9930
8793
799
4316
2765
4831
1298
3468
3472
6316
5444
4307
1715
3398
563
5790
7773
306
7599
6176
7319
8003
4749
4144
8915
9937
6927
2044
556
2368
3384
832
7399
4948
6473
1330
8136
7176
4279
9548
3304
6234
5070
4778
3573
6771
8431
8487
7295
7229
8732
6422
6452
5473
9528
215
5620
4479
6732
3894
3148
6469
9375
2613
8619
3881
7423
8888
6807
1429
8396
859
7463
7309
5574
1585
4380
8292
2029
5296
5363
5937
8825
3063
9409
4272
1959
7428
8447
4497
9491
5286
4223
4077
7707
1810
2800
3333
922
8948
8542
9642
2025
5269
8011
9456
2772
2820
6852
8455
2381
1557
579
8907
4094
8978
8475
1125
8067
8538
4650
6594
8672
7366
7909
9521
1348
1603
8965
9432
4298
3579
2301
4736
172
780
9024
1416
3109
4024
176
312
134
2745
1964
119
1951
9799
7776
9864
2720
9890
6881
5220
6124
7224
41
8064
7856
5171
864
7369
4582
5630
6132
8558
8013
6840
1955
978
724
9306
3127
9744
1022
4151
9371
6460
4148
7187
9441
8279
5585
5169
3524
3217
2532
823
7249
7919
5108
8981
9939
5455
124
1870
21
7946
4595
6768
758
6076
2529
1881
5436
8330
3903
3596
503
8365
716
2211
1387
7903
5375
3459
1142
3411
779
4585
1721
3493
6344
3019
9981
4270
5902
2233
2504
8660
1660
5166
9602
1258
964
9608
8238
2967
635
5711
5225
3696
6394
8476
2071
6674
7605
3415
63
7745
6423
5668
7534
8946
1164
6628
6339
4183
718
5204
431
5317
1402
2016
7691
4385
8950
5673
8199
2091
7013
1408
9108
1877
6091
3887
5693
3750
5644
2400
1553
6441
5647
3250
2306
8956
4402
8649
6498
2207
1525
5542
2916
5952
1363
1238
7406
3445
9186
9155
9269
7733
8699
7171
7516
5330
9966
5313
7545
744
5261
3446
1615
3952
1104
5525
4399
3192
3583
4310
5354
1163
3012
5731
7749
6195
1462
7842
3189
5656
9540
9681
3252
2427
5142
3571
330
6842
5262
2258
7314
8321
7609
867
518
6066
6058
7172
230
321
3485
7777
4158
380
2465
3840
8864
2308
4031
1323
86
6741
4932
8936
6276
8527
40
3676
2358
8400
2282
4785
9581
262
3065
541
4648
2924
8556
3631
6757
9955
1859
1912
6168
1772
4958
163
9141
3604
9779
9863
1122
5748
1495
2380
9393
9891
1884
2236
8297
3954
8162
1089
3624
2850
9119
4373
7592
5264
7824
5474
7867
369
5388
9418
6987
9009
6026
1327
6390
9324
5147
4508
1790
3070
4621
6976
6583
3007
9184
1688
2379
6698
2429
3488
1120
7272
207
2060
8381
7162
1836
334
3882
3762
5397
8415
1340
9100
5272
7957
681
1758
6338
3447
8655
9974
1097
1923
6968
1486
8211
9380
9099
2218
858
2530
487
1443
7942
918
5226
7497
5712
2330
2940
3983
796
508
8747
8201
4348
4589
282
8592
8696
2140
8379
2574
428
1063
5891
3381
8335
1864
6569
1645
5865
318
6266
5224
4088
9560
3273
4425
6788
5752
3664
2033
2954
2771
7150
1532
5149
1687
6478
387
1085
224
5863
8389
7548
1008
4337
5600
3272
7567
1378
3526
1111
8547
3116
4524
2141
5980
8360
2081
9005
5353
6167
2621
8304
2424
2556
323
3241
5240
4098
4323
182
8998
8520
7540
2493
6978
6070
9634
9492
6765
5724
6889
9921
2350
2769
8422
3118
1493
8690
6539
2564
2996
8241
9256
8444
3461
2742
5638
5400
8429
284
2662
9583
9659
5383
8613
16
1717
8796
7895
2878
3697
7359
7980
6062
9580
8486
194
1740
5415
627
4644
8581
386
22
8801
3961
4826
6599
8478
868
329
4250
2010
710
7103
1326
3534
3520
653
3434
6025
8543
6507
4171
6590
9043
3945
7337
6431
1220
4636
7433
4313
6219
1431
2274
2986
7096
2408
3399
4787
6104
3684
3917
5571
5929
4851
1573
256
5795
3603
4620
5988
9665
6301
2920
2629
7458
3378
6945
9527
3846
972
5999
7703
1450
9536
9787
7890
3412
5336
3246
9963
1130
2205
8934
9471
2568
5615
5979
9740
1060
6877
2068
6201
1394
8513
5170
5562
3046
7888
2984
3757
9953
7656
6328
9839
6813
9924
8101
8080
8490
6736
1079
6144
6203
1939
6545
3648
3343
8913
6998
2340
5357
6568
2855
2638
7144
3883
5906
6678
9150
7958
5223
1194
6624
1042
2026
3884
7215
8004
6809
5653
4626
3788
655
5213
7724
1274
4868
5923
7136
8807
2210
1252
7879
9165
7764
4020
3059
6383
3006
4852
2145
812
6367
944
8357
7554
575
8610
8285
4230
2882
9970
4972
9559
5300
8219
863
7806
8128
4521
9320
3077
3233
9331
8716
5900
5419
8521
555
4931
4706
4837
2238
1612
9514
9500
7666
4960
5208
7642
2902
4970
5895
6908
5918
2097
8373
3695
8240
7625
6324
4444
3691
5973
7682
9128
5377
1143
906
4878
3340
1344
8573
3365
8318
5281
6434
8736
6013
6258
3232
7654
2459
751
1067
7390
5699
6956
8643
4145
2775
2412
7991
8174
109
3807
8942
3916
3630
464
6027
2656
6829
3935
3639
2595
9783
7010
3084
9860
6555
9356
3658
8860
9911
150
3188
3874
7377
7663
7772
5043
9192
6273
9224
287
5515
4016
8767
8774
669
1488
2512
2953
8205
5934
332
1410
7039
3811
3687
9792
6595
2733
6871
19
9332
3075
3956
1080
3991
6240
1572
5034
4516
6451
7974
5657
5735
5597
8846
7371
804
4421
1668
5705
4235
1175
5629
7322
3261
2040
9017
3430
6325
756
3324
7328
2555
2100
3054
4025
9278
1343
9254
4702
3728
6421
8753
1517
2313
4900
7546
434
815
5009
9845
771
3741
7354
4740
1619
886
726
7739
9949
828
6046
8446
3152
4580
7088
7331
6194
4133
5228
7148
1003
5559
8059
4753
5337
206
9012
2596
3568
9262
2312
581
286
4575
9636
1751
5618
9088
4489
4917
1804
6464
7017
4679
2390
2836
1352
6438
9299
6493
4219
7332
7818
1187
3550
1169
6567
5732
394
3518
5689
7765
4865
1289
2250
1301
2483
5011
7426
6094
3585
999
5350
4188
5120
9733
460
613
5275
3995
8815
1384
4614
2099
2362
9873
4808
17
5328
1011
2004
2501
6551
8175
8480
7542
9068
7455
3958
317
9090
8550
1118
7184
9037
7584
6029
4730
5056
6847
983
2411
6644
7922
9428
7258
2721
7553
5759
6811
3712
2726
8797
8682
2990
946
6310
6284
8966
5206
6483
9852
9439
7461
4185
5215
1551
2914
8127
8999
4757
1867
1934
3479
2050
4326
6461
7769
1386
105
4433
6183
6252
9978
7918
5138
3014
3810
2114
3514
1115
7612
3861
4998
5433
5833
9859
7112
4495
4811
3416
5127
3219
5162
2740
7622
8985
970
3577
7199
8043
4613
5680
8725
6675
5914
1749
9339
2139
7220
8117
1091
4378
8280
3112
1851
9126
6087
4299
5025
7583
5369
2336
9210
7140
4121
7976
5576
6959
6796
9144
4858
4197
8079
1763
81
6019
4673
5670
3780
7665
6671
6949
8334
9567
9708
6623
7619
690
9436
5178
436
8895
2727
5058
6142
5072
5915
5270
1512
7872
9771
6500
5520
2013
882
1798
725
3842
7246
1305
3101
682
3992
4138
4532
9917
6122
1364
1325
925
6954
5921
5821
807
1842
3910
7999
6855
6654
4564
2547
4423
6869
3558
1681
9419
440
562
5847
2466
8445
1656
9576
3003
7080
3708
7596
496
7662
3808
1891
7387
1635
8887
8924
5233
3885
672
4662
3777
7402
5102
9666
1887
8086
4056
3897
9624
4415
1706
2195
1907
6793
8783
3049
7804
4116
728
1894
4581
7978
7623
9777
2888
5747
5346
5339
5247
8459
4920
8477
6991
6054
3169
6746
4628
8528
9061
34
5613
7175
9650
2419
4049
2327
5687
662
7167
7464
3923
2124
5977
800
1216
3609
9282
3489
3166
5023
984
5133
9234
3653
607
4779
7680
5143
9862
536
5674
372
6160
7450
896
2276
6860
6425
1608
642
9177
1331
548
32
3998
4964
1375
5092
5848
8491
7097
1236
2892
5084
1506
8507
4200
7129
7858
9664
1586
6803
6074
9209
3260
6402
6482
5885
1338
4768
5961
6279
4449
7705
8329
6699
7982
3668
2201
4710
61
5769
3444
6922
2541
2737
3820
5739
9225
4374
3876
212
8091
3644
5971
3450
1871
3140
7204
6100
8785
8642
5244
344
6305
2956
1858
8717
6413
155
9646
9011
2536
9638
9900
981
9475
5516
9593
7383
3835
2387
167
5965
9607
587
1159
4216
427
9758
7158
1527
251
8575
3308
3763
7736
7508
6896
2319
1932
9736
1943
8842
9817
4907
1224
4733
3724
9562
2126
7731
5916
8176
7147
4926
4259
231
5942
6716
5291
3900
6804
3289
706
1806
6655
3980
3133
7419
5717
9060
9632
8852
4572
7511
9809
673
9575
8274
2563
8244
4446
878
6458
3027
603
4607
5956
4347
6513
3302
8518
5514
9504
2309
8081
3953
6320
6173
8384
8413
8005
3997
4923
7
4268
7120
5531
1005
9397
7002
4971
5505
160
2756
4671
6071
9434
1969
4548
7181
2664
1133
3287
2939
8116
3907
3651
7578
9158
8764
6476
1467
2152
6964
7086
2225
8152
3645
4141
4262
8261
8112
1299
8299
6335
2054
7783
3322
866
90
95
3256
1791
232
5785
6682
9305
3009
5507
1944
3564
9147
2224
6182
6614
1077
5137
7778
6564
8623
180
310
9861
1019
7311
6409
4812
5809
5318
5723
6297
9513
5962
8829
3240
9079
407
2418
2065
1624
3441
9658
5484
5364
3925
2947
7137
5815
2447
8397
8582
3174
9373
1813
5818
9457
4065
614
9870
1303
5293
1070
4994
9832
7965
5544
3131
6844
5326
9279
943
9842
8559
2230
3806
2123
6902
9553
2665
9940
2266
7897
9041
1931
7141
358
3141
2641
1228
4184
1053
900
9363
3350
3507
188
4979
8587
958
7145
2531
8035
7526
5292
4044
3517
8076
806
8342
8953
3361
1892
8898
9941
7996
2397
633
8995
6727
9656
7368
6472
1539
9125
2973
1295
7269
3570
6312
2417
8833
6294
7364
398
6009
1666
3225
5919
1794
44
5650
6719
5005
5112
5784
20
7445
5374
7549
3898
2246
2962
6351
2131
6572
7243
8390
6709
7726
7400
7131
9722
4908
5765
3871
5985
2352
5634
2237
8387
9208
9285
8467
9358
3473
6373
7416
8224
6558
1503
5235
951
6308
1359
6876
1686
8949
3752
8378
4128
4198
3280
2307
8009
6707
1212
735
1741
5557
5483
378
6271
9840
1489
847
3405
8320
2055
8139
8562
920
6202
3831
674
2777
3366
6112
9648
6149
845
8750
235
2509
1853
2794
6291
2672
2586
723
8022
8722
3103
5297
2904
2840
4658
8568
1792
468
2031
9661
3238
7174
9000
3914
1478
6683
5898
2592
3789
954
9499
7541
6783
2162
6439
5012
8832
5246
4711
9156
4557
7887
9942
8144
7134
947
5996
1051
1162
2453
1062
5248
960
3543
2354
1650
266
3942
6450
3024
4196
7758
470
8882
7647
8609
2492
2086
8177
7787
6843
8625
9421
5799
2285
3494
6770
4517
9394
3317
4691
6656
8002
9036
919
8326
9211
9601
7975
6548
3025
85
4212
6302
9836
853
3050
5338
2341
7539
28
8902
9440
9411
3373
3368
772
2113
5740
6397
9171
2315
5691
5499
755
7379
6745
3747
2526
8473
9820
2122
7523
5132
9450
7177
4036
788
552
2640
5503
5700
7170
4645
7850
3220
1552
6283
969
8018
51
7116
476
6113
2370
721
8881
6984
7823
3549
5797
5265
4885
5827
9109
5150
6085
1020
3673
678
2372
7685
5543
3751
3183
9122
4633
8194
776
355
7241
8351
5636
9894
6381
700
8057
4519
2035
4147
3813
6763
3082
7029
8782
5054
1933
8249
3098
6125
7408
5830
1232
4264
7255
9693
6442
5822
765
8458
7590
9814
1245
7488
7025
1795
7713
6657
8430
425
3803
7740
2889
1736
622
4690
1554
7916
5497
3919
5032
7297
8937
4195
8457
3725
2970
7935
3013
4881
162
3482
3678
7079
8196
5279
1158
52
267
3491
5306
9449
4007
4987
7122
5031
7784
6049
6393
3396
8103
6947
9167
7524
8212
4410
8540
8522
3453
5340
8755
3692
3522
817
6753
8140
8300
6210
9223
2750
1655
8049
6254
9555
2538
7510
2062
3786
6863
2182
3504
4739
7538
7483
5586
6586
5404
6092
7036
888
8880
1582
2615
4590
9149
6015
8723
6398
6611
841
8806
139
9085
8231
30
5757
630
2778
4694
767
5463
5983
8841
5982
4194
4797
6444
8061
7042
2366
3745
1845
5853
4767
4895
7394
7668
676
9654
5839
6119
7706
4059
7169
5359
5879
2485
3417
7742
3460
3685
2588
4857
5110
6994
3090
887
9309
6426
88
6364
1346
8532
3425
405
8714
2974
1114
4528
7396
4220
8385
1090
8359
5454
5791
5685
8584
8809
3744
1201
9516
6360
2110
3251
9812
4091
4875
3245
324
599
9430
876
6919
2994
4551
3110
4282
8600
7071
6979
2333
5004
6300
7708
1347
7727
1837
6790
7334
2104
7907
5502
7320
2927
7310
4576
2618
7050
2969
585
4029
351
531
9775
6466
2554
4478
6004
3268
5852
3402
3318
141
1981
4729
2837
8
7833
4292
6045
6313
1310
8548
8484
5403
9352
5728
354
4820
5978
9280
9102
7914
1501
4311
6440
9477
7006
4046
2232
2931
5727
6164
8421
3660
486
533
6467
2812
8554
429
6392
3855
3555
2816
9531
8821
6077
1857
5671
7601
64
8232
1368
2851
5736
1264
7911
1611
6088
6225
1737
9510
8151
3311
8786
5135
3600
3819
3859
8959
7732
8166
8525
1479
2163
3379
3367
7446
4287
7892
3484
2875
9261
6609
2058
4661
2467
1444
5964
1885
7635
9678
9749
5719
2440
9732
5048
670
3002
6350
4448
7076
3911
9135
6317
7067
9172
7753
3016
4390
1952
5904
6721
5684
3294
6156
337
5566
4278
4984
1734
4419
1497
3418
4488
2965
7658
7634
7434
4954
9945
1282
2394
6888
8892
6668
3348
9408
8270
6096
127
916
2754
528
9031
2374
7021
4214
1233
1520
4176
2359
2428
457
3622
6607
6139
6474
6115
3313
8336
6371
5117
5607
9640
1335
7469
4789
9187
5254
2334
3590
8565
2691
1206
5389
4707
8259
8979
5365
7945
6836
1160
6638
2652
8524
9962
2949
3213
9107
5955
9094
6418
9348
5320
94
1179
7937
8795
1889
8713
8217
4916
6008
8706
8242
5541
9768
4452
3619
1917
2860
7114
3330
8262
5277
6396
6775
7236
9175
9943
7744
2636
546
9354
7657
9739
5097
8408
3783
2420
1712
4824
421
3854
3431
186
1184
1190
4303
5042
7196
4715
3511
2926
8961
6708
5917
2294
7681
923
5472
4814
9392
8025
4407
3395
4860
7019
553
7962
3774
4498
7564
9355
1627
4204
688
1433
2890
1946
8331
4105
4624
6475
4696
1108
201
2106
8910
9074
3503
4591
3319
7849
5823
5877
8814
5762
274
9829
6470
8380
2007
6703
1414
6747
2748
4847
3862
9886
1832
6496
5812
5480
2553
8296
1365
1674
7587
316
4466
9080
7321
33
9049
2852
9116
7427
4285
328
4401
4566
2617
4237
9537
4510
644
3160
7453
8288
5413
6697
9265
6181
4542
3117
5451
1905
3428
4004
1302
8983
9952
6728
8143
4930
8203
9631
5479
1078
338
3242
3352
253
2117
171
6028
9121
2631
1509
6372
3959
6578
2657
5305
620
9091
1771
7602
5179
4570
8849
7043
2880
8629
73
5002
9549
2269
6556
6943
2223
5578
6253
4651
9182
631
2502
6679
1848
5175
8363
4861
3068
4541
1640
4173
6615
3128
5960
9545
4708
4331
3043
9013
1878
1186
6837
3300
9376
2948
2022
8123
5426
3581
3036
8322
6617
1419
4862
199
67
3171
4823
6043
811
8626
7431
5610
9206
519
1296
5091
8036
1409
7123
8697
7225
7418
5258
9463
5448
5423
1673
430
9360
4547
5250
692
5114
4432
3931
9915
8465
1523
5435
4947
2202
3753
7530
9433
1251
2388
6904
558
5439
9207
6220
4716
9431
7098
12
5859
6989
7932
3904
1241
3787
4097
5920
3906
757
185
2876
6107
740
6517
7557
6970
4748
9689
500
4062
2000
5019
244
4052
6997
9944
8760
685
243
5425
9767
3711
9716
9075
1973
383
5200
2781
9760
3236
8111
3594
501
3778
4395
6986
9162
4266
7352
6123
1156
4552
327
9578
9794
5344
8284
7457
3071
8145
4520
4363
343
3608
8872
7825
8883
3690
7203
6598
4353
3964
7875
6001
1649
10000
6531
2251
8226
8968
2597
4208
7210
5645
4001
6820
2663
4169
2187
6879
742
8504
4118
759
2908
4928
3435
3816
7990
5289
7032
8894
9178
588
1605
5450
3436
3032
6355
3295
9959
5146
1211
8218
2042
4293
4816
6282
6463
1986
6670
7291
3044
9806
349
3636
2598
8789
1977
3867
9291
1947
309
7555
6957
8337
9811
6416
2601
9701
9311
8651
8534
7820
645
7746
6429
413
3208
4222
2146
35
2991
1040
3130
1181
1775
9077
8993
5069
4507
385
5420
9078
6660
2776
4975
9181
115
8255
6224
5811
8759
8944
9304
7566
6689
5763
7871
1769
1505
6345
9786
3328
9281
1021
9198
7192
3143
7950
1452
8088
8874
8684
102
9453
1849
7901
4549
8082
489
3970
6153
3334
9613
2950
9389
5766
8161
7644
689
2548
4146
9524
1705
2790
3
1647
6251
6692
3515
4436
3162
8595
4090
8886
7397
5626
1841
2885
6427
1996
9245
2038
8313
1484
2508
1960
4611
7033
5219
3290
2095
2863
2833
3794
3221
6391
1629
6184
5579
138
8097
3427
8912
1049
901
7563
5997
6521
3893
8546
6232
3227
2649
5060
4168
720
3419
3306
4248
480
1094
5122
4127
1835
3274
5352
8984
1921
2705
4919
3827
9662
5319
8253
3267
1226
1675
8048
9990
7987
6095
2780
7589
8135
7142
7393
5121
3420
8386
1381
4352
5836
4945
7757
3540
4988
1529
7926
6408
2324
9747
3536
511
6038
9301
1561
3661
2901
3933
7041
7465
8896
6850
4714
3414
9105
1948
6249
9518
5606
4829
2678
5614
8169
2599
6299
9875
9071
8916
121
6488
3896
4391
4604
5468
3168
7212
2624
3974
937
5431
1463
3182
4351
7230
4160
6090
2487
8293
6645
7000
5967
3802
2017
2413
2227
3385
5466
3940
9312
5734
797
2020
9002
6577
9790
1722
1203
3703
8017
1714
8530
6349
8202
9784
5589
6057
7486
8535
3994
9927
4349
1157
6395
7179
6127
2489
3456
3135
4246
9874
8866
6866
8099
6237
932
3737
3092
4107
829
5310
4660
6515
6659
7594
9542
8763
7155
2982
2945
5625
6554
391
4918
3735
8371
3383
9564
9781
7163
5399
4891
1151
8377
8719
7257
1709
6378
9247
7893
2543
5064
9507
2433
6023
7392
3742
4813
2764
5860
1890
8947
8691
643
3215
1482
5172
4732
1566
2822
819
6430
8677
3224
1875
6625
9971
300
3764
2450
9986
929
116
6226
3937
8775
1445
6032
191
1995
6471
3746
1314
3091
9480
9202
2957
479
1015
7410
5908
4946
7223
3231
3822
955
6606
968
1802
8118
3531
9233
6975
1350
5820
6799
9599
2185
1718
3226
1988
9980
7180
9672
5405
6229
7047
8463
5416
1667
3705
1873
2987
5491
9446
8186
363
2339
3866
8878
4579
7985
4023
8827
1797
3337
3928
5052
9592
9455
8824
2785
3682
6196
2625
9884
4157
6641
1584
6710
7193
6230
4997
3815
3284
2511
7484
5182
1391
7165
7591
5029
3278
526
6259
9064
6304
9801
2297
4187
6178
1662
5789
1354
1199
2184
3879
6354
6786
5422
8627
4149
6620
3865
2910
6602
4601
6544
2729
2580
5458
5456
4617
9143
3899
6523
7710
8930
5082
7275
6030
1547
107
7389
8628
6789
4207
734
611
1035
254
4367
8802
8509
9369
9096
6934
8569
2934
8414
8705
2559
1978
9473
2363
824
1949
7603
502
4357
4244
7574
9289
2168
7370
5401
2719
195
2186
1672
298
663
6841
9988
9804
2692
8029
8423
8148
8918
320
3987
7953
5744
1171
6105
9335
6591
8926
7227
2552
9759
1903
5027
2156
9035
8828
4005
7876
5938
6298
1061
2405
6766
8209
6533
65
478
5539
8656
3026
895
4752
6024
38
6321
5155
419
8567
3299
4153
6343
9587
4382
1458
9494
1098
1657
2824
4041
8325
7528
7838
9317
4821
2807
5471
5037
8493
2981
597
559
5124
3694
2102
6239
5842
4139
1953
8680
8494
525
5546
5207
1210
5903
8184
5845
7349
9387
2240
6330
2241
6530
5761
370
9364
4899
4191
2455
5787
7157
1669
2173
5116
2094
1044
8131
5869
79
2883
7430
4140
7723
9797
8149
482
3650
7420
9092
8938
6099
577
4855
4688
8348
7201
8368
8605
7156
56
4109
3048
5309
870
9038
2480
2630
2332
7595
5616
4978
2561
374
4032
9338
7785
6946
3442
7341
6894
2409
1846
7761
6012
8278
9003
1087
7289
9776
4670
8566
5778
7817
5866
3448
7565
9789
813
6723
6406
7768
4343
5675
2008
5398
4914
3575
5637
2074
749
5862
574
3423
3913
4465
8803
6370
4388
1068
322
1748
3985
4113
3818
8451
8254
953
3499
4122
5103
5504
4577
4593
8452
7847
6729
7388
2899
9290
8353
5800
7092
6380
8800
3891
7425
973
7790
1545
6106
4793
9928
8653
7966
2622
6831
2361
9868
6792
8343
132
4232
229
2741
1317
3709
4836
3852
5513
5379
9960
6767
4280
821
3944
2810
1131
3034
319
9467
4275
5302
9916
4092
9731
6341
8096
1315
1896
1023
402
2347
4315
9996
9315
5113
1750
2323
336
1778
2602
2164
1685
6637
7529
3105
6690
6549
7580
1855
793
8816
3989
2132
1195
1106
8214
4286
5624
453
1822
5148
680
4747
1428
4927
6359
5334
6636
1652
9388
396
4414
2281
6138
5008
9345
6084
9677
7100
4240
9445
5894
4969
3844
1812
4152
9687
5040
2421
9484
3500
2961
5834
1653
8813
1569
2399
6497
4653
66
2268
4527
8617
6365
1823
4848
4483
3051
4002
1979
5767
623
1643
8593
1342
92
9885
9918
9720
3339
7489
144
5177
2293
8496
248
5946
2626
3336
598
6963
5750
7048
8586
4539
6581
4509
5550
761
7981
7081
6228
3527
5090
8977
4800
4355
1830
5801
9370
1530
6717
8851
9115
4341
2469
2995
4801
5840
6589
8464
1999
3572
7316
268
4156
8698
5722
399
7226
82
8395
2717
8694
4450
7737
2809
7812
1504
7292
1362
2854
4318
7763
4192
7367
7576
9887
7083
7585
1336
2712
5393
2134
2589
8461
9698
4364
2693
4505
2900
5940
4698
664
8294
5168
7205
2966
6733
6929
6550
9523
9118
9802
4064
2932
6815
1796
2675
6327
417
9780
2460
1132
4317
1670
3165
696
4101
3138
2783
8179
7518
8679
5907
2316
2895
6382
9791
5249
2799
537
2818
1025
2155
2770
6118
6916
2898
6287
5045
4494
4203
989
3104
9146
342
514
100
8345
4125
1838
3008
5897
1425
2335
675
4039
1046
8074
5101
3655
6465
4193
5941
7698
2219
4802
907
3796
2172
6750
498
5844
9347
4815
6930
5837
1421
1016
9066
1807
13
1753
6068
7412
6502
9180
8291
9072
7395
250
4537
7026
4799
5814
948
3561
305
1559
6816
7456
414
1161
7014
2660
2248
196
4957
2494
5191
4843
8392
8195
8577
2443
3015
3142
9511
8134
7750
8258
2343
9711
9539
6039
6385
7814
3307
3773
39
8622
5954
1081
2722
4417
5580
8339
4051
6040
677
1628
9682
9706
5643
4284
875
2576
9405
1376
5605
7259
2410
3237
4110
4640
594
4130
2936
2744
356
3749
8295
2473
647
3905
450
9243
9166
7748
3413
3310
9151
6334
8980
9113
6141
8664
938
2036
2978
5411
2463
2096
7022
3139
1764
9674
8479
4405
340
3656
142
9216
7519
5887
2444
7562
6103
295
7049
8327
649
442
2280
1678
6527
532
8369
8561
4229
2169
5071
6907
4922
9713
6833
7913
2027
1417
5327
8093
2704
2606
8588
7068
2845
3766
3710
8416
9972
560
3602
5872
4429
5751
2739
1703
5530
2045
6988
7993
91
7684
4372
2222
9563
7786
4543
9310
1004
8495
5134
7335
8060
7614
4233
9220
466
1888
7435
7481
4677
3363
3193
474
9686
9199
4377
6243
854
6462
9991
8687
2577
2623
1209
5442
8197
4738
9466
7030
205
7253
7930
7760
8855
8537
9297
2506
5648
7350
7636
6828
7797
3457
2415
4400
3424
7535
2575
1597
87
484
7353
7373
1271
6814
580
6743
1202
8511
1779
4845
485
2325
8823
7298
5123
6573
4724
1990
6457
8114
2731
2375
5028
9651
2688
2806
2192
702
4456
1976
3132
3475
4440
2150
9045
1961
3955
4841
1441
7127
5883
4117
1357
5575
5683
1900
5646
48
9050
6955
9153
2746
5802
9213
4178
8739
9271
3510
4490
4476
1373
4368
1526
420
1075
6884
3332
1954
6966
4239
522
292
576
9329
6774
9881
2353
1007
1390
1207
77
527
8051
1840
4562
8072
3649
6992
1345
4354
7604
2907
2196
7640
1809
193
8474
4874
3775
7235
8210
4319
1492
879
8599
1519
2326
9023
3326
8442
4859
1286
5125
8850
3722
9853
2546
209
3391
6653
8008
803
347
4834
6174
4245
7514
4963
331
6137
8531
6996
6417
7454
2569
1579
8237
1333
3486
4759
4631
6340
7900
5741
4172
5835
4864
834
5893
9251
1860
3230
619
8346
5553
4615
9987
6238
3058
283
7552
9232
9519
5880
3901
760
3688
861
379
7436
8544
3080
131
7085
9905
5892
7380
9503
416
7841
1965
3066
4467
2011
5255
6685
3799
8472
89
49
802
885
2859
9326
3172
5976
8776
8728
748
9743
9490
2667
5627
8859
738
6547
5222
7714
9669
1242
7956
4333
736
7551
3349
7480
6983
4587
7670
898
7106
7054
1145
3587
3560
9694
4567
6885
8700
1563
1057
8516
1702
1307
8440
3185
8132
8794
6967
4966
294
9848
4314
567
8683
8517
8574
9810
1420
9034
5824
7700
7839
1578
8676
952
8137
1814
5721
694
5959
8563
1249
8266
8037
7091
9912
986
3359
3158
1176
1498
550
1200
7794
359
4672
9131
7969
1972
1695
403
8893
6361
3965
5024
7517
5322
8394
8007
389
897
8104
8125
1915
4211
184
8943
3285
4300
4769
4370
9835
2697
5987
9547
2694
5849
4115
6525
4723
8383
1542
6172
9975
6818
1292
8382
8925
4892
2
7677
6003
2928
3836
2254
8323
8843
2868
6726
6035
47
5325
8054
8621
9627
6906
5271
4819
76
2730
8438
3589
3849
7568
9882
7624
739
5570
5194
5556
708
345
5189
1287
8791
5663
213
7884
3754
422
7827
1958
4569
6912
4114
9367
2505
5429
1358
5986
1440
7325
2938
3315
6715
5055
333
4760
74
3667
1026
2292
1138
1436
3702
2782
1396
1983
4810
2190
1006
1404
9865
3120
2671
481
4427
4721
6560
3784
5776
2072
2069
9095
6356
4060
4741
270
3064
3181
2713
7404
5487
62
4462
6613
4042
6913
6915
8046
3296
2951
1093
8579
4828
477
6177
5216
1406
2158
8666
9818
8058
3782
5407
3320
996
2887
3263
6061
9742
3798
4680
4472
1945
4471
4985
2699
3463
1218
9427
7920
8213
2098
7819
6601
8391
7448
8603
9222
7688
7384
1341
6534
1451
6214
3972
4910
8669
7836
1107
8107
2633
2773
6014
1537
3067
7925
315
733
5975
1966
5006
4929
4544
3369
7826
1192
3902
3927
1031
9508
8020
8751
5858
7507
9140
6926
1288
10
5603
965
8503
4594
2766
6179
9705
1086
4887
9330
3149
1048
640
4441
2829
2457
6738
5324
3022
1248
2791
1400
6778
8962
8192
4481
2527
2668
8053
3734
341
307
4856
497
5167
98
8418
7672
9690
360
5239
6309
6346
6667
544
6618
6516
5395
3102
4134
2958
8286
1260
9205
557
249
745
7206
712
4703
4606
5386
3076
9054
9039
730
1480
7044
6121
2442
3790
5412
9696
6270
8769
1030
2856
4226
2980
101
9426
2654
5287
1684
151
1548
6974
801
4765
1116
2193
5018
9497
7267
106
1001
1680
293
5362
4872
5561
6227
6900
1476
4625
3179
6981
3513
7832
7093
6489
8702
5199
4162
9529
4780
8393
3869
884
6960
7699
5554
4737
8675
1898
5534
9633
810
3946
4502
1214
7333
4968
1465
5621
7971
1876
7627
1100
2057
7058
5080
1759
6808
4530
178
5105
1109
1009
1869
9083
8976
2437
4664
7972
4725
8640
2090
4014
5211
3586
7755
164
4657
7550
4772
4434
2646
8844
8193
8468
8352
1773
846
7197
5462
1235
9649
5970
2911
1590
8256
1987
6407
6336
275
6246
4830
2873
6680
2802
4921
7721
8314
1398
8839
770
8424
8804
1177
23
1283
1074
6263
8840
1262
1193
3704
6918
2897
9557
6848
6928
2572
942
4685
8927
6629
1610
5640
571
3771
9719
3597
1784
7482
6839
462
1377
353
582
4296
8225
2535
4013
2364
8289
8364
3538
8770
6616
9314
7531
6677
5910
3975
3144
7582
5682
7588
5949
520
2653
401
9574
238
36
7186
7573
2913
3478
7024
3934
8223
1141
7808
9745
8788
2590
5367
6574
5529
2349
1096
2634
7921
717
1757
6053
5774
364
1567
7293
5995
4085
3554
7330
384
6580
432
7491
2522
1601
3567
3601
7073
9603
1719
1102
9044
2738
8497
426
8616
8370
9825
3681
9349
1514
3156
9212
985
3542
1620
3743
452
3357
3654
564
8598
7992
7407
3187
1588
8309
2075
6663
1128
6352
709
8121
3344
4218
4099
7031
3301
4681
1919
6245
5299
5163
8645
8014
314
5926
2401
6519
7646
1998
545
3641
2839
1036
1432
1270
3214
3714
2831
7857
7381
6064
3592
5517
698
1064
1720
3545
6797
1989
5925
2028
4271
752
6691
9267
3023
6083
3321
7037
4776
9164
6109
4381
145
8779
6925
612
4095
69
7128
6412
9616
6924
3362
8087
506
9807
3335
2946
1284
7923
9622
4236
2406
9191
4186
5098
7492
5129
9869
3760
4324
3943
5749
9755
5232
9623
991
7277
4274
1231
3113
732
4015
6901
9487
8150
5573
4066
7843
1403
2005
4028
8120
6209
6059
6923
8889
9248
2073
80
136
4406
2519
2971
9274
5469
747
494
9754
8552
2194
5066
4131
5492
4991
3508
2253
3988
9600
8708
6505
5094
4058
9183
2289
1805
4774
6537
5591
9888
7795
9
1730
4477
6891
4689
9724
2757
7075
1017
9047
9059
2275
2392
4550
9479
8659
4989
1535
7840
3979
3288
4247
9584
3282
6503
5779
2648
6853
1555
6779
8644
3621
6553
6292
6561
5886
4844
9127
7318
4379
7003
9200
4181
1407
4322
2871
2355
4695
3552
2464
5832
7084
3612
2377
96
4420
5758
4397
2560
8316
9008
3389
4888
8023
7864
2835
3057
4735
1267
7477
412
7444
6735
2743
8105
9252
2565
5089
8366
3222
2520
5153
3962
2702
5151
8756
4526
7285
8032
9877
7915
7487
2338
2247
3060
8994
1811
7263
3056
5612
6079
6886
6942
9082
2228
3248
4746
8752
1371
6117
1247
2435
3271
7286
1494
4460
465
573
1473
2992
3837
8039
1273
3870
6453
50
2272
8171
5595
9343
9424
5690
7513
3039
1320
6650
7009
1188
1724
5314
3606
6268
5358
463
4342
7977
9097
8661
5440
8311
8681
2171
8264
183
5109
2101
1129
5535
6627
1069
4693
8545
2245
491
7525
9897
9400
2811
5558
842
1701
6643
590
4720
9984
1693
7600
2255
7046
2952
5457
3371
8633
3262
5639
5360
1272
2391
7701
7273
4950
3341
1471
6742
8766
4563
8305
691
4334
2797
2252
586
6579
1392
8040
4871
5909
8239
5856
7696
9236
2277
6821
280
9785
2386
1135
104
3497
9470
5947
4404
7504
3377
3938
5725
1536
1533
9728
4602
940
2376
4458
976
1950
1039
2862
1651
4069
9635
8877
8275
7734
2052
8630
2053
3797
4487
297
9737
7378
4913
683
381
8957
3740
458
7905
9493
7774
5548
945
9925
1866
9048
9437
1356
6247
8792
561
8996
8819
9612
994
4709
9197
4990
5496
3982
5331
3922
8269
6348
8811
4642
197
5659
6508
1787
8772
7102
269
3872
1379
2286
4070
8038
2093
8536
833
8191
8583
1937
5679
6207
6368
9073
4447
2803
4827
9129
4781
3990
6812
2014
5195
4418
7470
7853
2710
3196
7715
8635
7405
9489
6734
221
5695
1786
1426
5046
1646
7951
668
1397
6384
1534
6342
6055
8312
5295
5345
1082
9051
5039
3093
1592
8784
774
8862
147
7391
2290
1474
3040
6914
4361
4941
5922
719
285
7372
3437
471
1491
604
6700
8332
1831
1574
118
8533
1541
6952
3628
6329
3599
6669
7178
4142
8836
6773
469
3400
4884
7543
8737
8506
6223
2998
8695
1861
4686
3355
4288
8235
71
8906
4063
2170
1633
6724
7340
4925
4325
8427
7941
9027
9451
5392
1994
5532
931
4504
4683
816
8399
9541
1766
3018
4096
8848
4076
2724
8919
5106
9219
4104
239
990
3218
3912
6859
9746
5312
5010
5303
2637
8129
2972
517
8571
4486
3409
2747
5079
3825
2395
4790
3936
6326
5461
3178
1756
4840
3170
880
6705
3875
5051
7060
1490
2679
169
6921
836
8221
7496
6576
8141
8589
8208
6883
1073
3968
4839
7927
7111
7940
3073
9383
5088
1196
6938
6447
6492
2009
5465
4255
7238
137
7064
6834
2438
1781
3689
8780
7894
7061
848
7869
6042
7558
5806
1733
8745
9203
5081
111
1173
8398
9525
291
4249
2866
9293
1698
1752
5981
8611
5709
8845
2067
493
2905
7490
7466
7949
4083
4078
5
146
2278
3832
2328
8265
5347
5406
5528
451
7515
6563
7610
1041
9734
9264
2815
1438
210
4652
2116
8971
3100
4687
9506
7807
1826
7615
1261
7883
7620
3210
6626
4416
9751
1244
6000
8768
5676
5161
839
1243
5622
7664
7844
9774
1992
4464
8412
3509
2188
8052
7360
3201
6319
3528
4048
993
6432
4360
995
3421
871
5581
5781
4474
4496
3679
6050
3177
5263
2183
6658
4163
9535
9040
8835
3781
3206
6490
3390
8597
7495
3553
3243
8229
2960
6575
913
3338
2827
8576
1092
8510
4943
9577
2861
6972
1477
9833
8703
1679
3370
8885
7239
2441
1027
97
1423
636
3061
9221
4124
7188
7988
9362
4876
3546
7382
4256
9137
8372
7891
2206
9465
5485
6063
8641
3812
9951
5775
1843
4500
4722
2700
447
3537
7493
5256
5662
311
7851
7638
9569
70
600
1213
1632
8147
9684
9318
4906
8631
5994
8954
9532
2872
3834
1481
117
1596
120
9481
3920
9994
3360
4081
1281
3010
6170
5308
6041
7403
7648
6565
4523
5140
8090
1710
3833
4291
6211
5890
9169
4938
2877
8122
7063
5188
6948
2903
9813
4304
1321
3150
7271
6189
7598
6296
3458
6801
6514
5927
6477
6065
3613
3085
6965
4350
5180
6862
7280
8529
9196
8674
456
1382
4934
1594
933
4731
1918
5381
4426
3932
110
3312
9110
4040
9398
5796
2524
2383
3223
3097
1540
7775
8153
5238
9482
1970
1699
1682
849
7115
1962
1285
1415
7586
1571
3544
5524
516
190
4445
2793
2813
5549
3605
9361
2736
9032
4850
3279
1974
3498
9469
7653
6016
5694
9566
2346
4261
1803
9691
7202
905
6180
2244
8302
1664
5521
9667
1012
8340
8303
1033
4791
9266
1380
9227
1901
9422
9741
6369
8273
5446
1127
7770
2351
894
4669
7301
6376
2403
3791
5095
313
7762
6509
4944
8693
7889
455
1319
4345
8762
9161
2925
1466
4108
3785
6185
237
7290
3505
6166
8967
2603
4863
7338
7756
276
7881
8958
5924
2118
9544
2681
6878
8287
9365
7821
9089
9947
5609
881
2610
5804
6758
1197
5826
8198
1055
1435
9688
5742
4598
7211
247
9148
7886
5476
608
6546
5298
4321
6241
2490
8471
6933
6262
3180
4111
1713
9022
5218
6759
9295
5803
5301
6411
7260
148
5511
602
4068
6080
9935
6851
7040
8607
5506
6953
9145
3502
1165
8911
45
5957
3483
2112
7474
6435
629
7125
5157
510
1834
778
8523
5361
6662
4082
7432
9046
8181
1914
830
9992
7268
769
1121
1938
1616
7415
4555
5145
5332
2886
8712
6647
7759
226
335
8164
2077
7090
9357
2708
8432
3643
3591
2234
1593
624
7781
9076
6133
3556
9052
3680
9447
8492
1897
5510
7232
8010
5447
348
9374
3915
8742
4571
3111
1690
5718
3074
7190
5417
4608
4568
6822
6761
1253
935
2874
6706
3717
7801
1185
8133
3748
547
449
8741
6518
5969
2369
8591
8834
2231
1139
1227
697
3234
9018
3769
9938
4654
2470
4835
4179
1013
2064
6101
5176
9483
2983
5229
1448
8754
9533
8041
5408
8084
5111
7441
1793
438
8922
5242
3269
58
8929
8853
9837
936
2955
792
8724
4205
5030
9117
1522
6781
7575
9396
7361
3186
9344
3620
6931
4649
2701
5181
5490
4869
8778
509
6722
2714
1439
4201
9268
1029
1844
9260
8456
8612
7661
7023
7828
3422
4559
3035
8673
2912
7704
2533
961
4901
8085
1716
4327
7424
8251
5655
9174
1577
7251
9007
5304
8808
6980
6826
7105
7087
5841
390
7305
9907
9854
781
1353
6374
1123
2593
1422
1168
6857
371
4213
5551
1300
6649
2030
9788
6920
8405
2103
5631
7618
1453
4777
375
1124
4986
1304
6217
3079
9412
9595
741
14
1754
4260
6056
2647
5697
1728
2698
7830
6686
3346
9700
2828
5666
5509
5993
4100
2295
9904
9058
5128
934
2685
6051
2148
4459
2331
5020
6552
5209
1140
5382
3087
3000
5013
5851
4132
8453
9241
1469
5141
6802
4682
4734
1332
1056
3404
7791
2689
6152
4189
6293
216
5321
9729
8508
2683
3529
8608
827
6800
9895
2474
2594
1180
4335
6542
5173
4976
8470
9093
461
2795
2525
259
3793
8172
7119
8991
5526
4120
9250
9965
8879
7846
513
3698
3229
7912
9025
1088
4667
7873
8481
7356
7247
5063
365
1580
1760
7802
1609
2235
596
7994
8749
5478
5572
2645
3433
3407
4008
6021
7938
9834
5598
2826
4610
6480
8443
43
1442
8743
6673
4021
9458
7947
4
893
8992
3929
8406
3017
2814
7038
9838
2941
2137
2867
5368
6433
467
6526
4609
7300
8047
7572
2143
9495
9657
3492
3134
7094
8941
4905
7213
8159
1602
3768
2515
639
7782
8720
4770
1374
2458
2212
3145
5212
904
568
5928
8972
4783
8884
5003
8602
7159
59
3495
9782
2273
3669
8615
2935
3888
4019
9298
388
157
7028
8146
4027
1940
2262
5567
2728
5611
5720
6880
6597
2937
37
865
2658
5522
3966
108
3873
9253
9030
3235
7859
1328
2551
3329
9101
6540
2919
8557
5136
798
9391
7697
6524
3957
5486
3462
8466
2567
5266
3727
6078
713
2264
6036
2607
8367
5315
1101
912
6034
8108
9641
7442
9020
3736
7500
5760
956
5316
818
7904
8921
8026
2870
7284
1956
373
3598
8437
7342
2356
2032
4012
8541
1746
5243
915
7754
727
7570
8514
8501
8990
9270
9697
667
7607
4422
3720
6267
5329
1066
617
9272
4387
9486
7117
3674
2669
2495
4503
8310
7069
9596
6190
6060
128
5015
4074
2930
2476
6846
4763
2092
9816
5452
7312
1237
181
2176
9822
3481
9983
6985
6731
2760
159
9029
2165
222
3126
7139
1154
5430
2136
2365
1755
2174
3001
4455
794
4072
7326
5378
1136
1500
9808
7198
6777
4803
5533
5874
3316
9173
4535
6111
9893
1800
9325
5273
6120
2299
3675
8657
2893
6257
2537
3908
223
2723
9316
7645
9655
6588
1556
4697
7571
5493
5698
272
3078
5203
2507
3824
6445
2639
5498
7597
7245
7055
3637
1600
6386
6838
4037
7943
3532
7667
8539
7121
4756
2220
5187
6535
1641
1174
5236
1065
3519
9123
7995
1862
2718
6760
4807
5808
9086
2477
5913
6387
9502
9249
5560
1683
4982
7641
8250
2287
9976
5737
7443
7730
2891
1037
9821
7960
5075
6
4106
9979
3758
4392
7182
4854
1459
2446
8606
6633
2933
2342
2762
7848
5252
2497
6140
9154
9019
6448
8268
786
5755
2243
8758
83
6479
2759
1589
4454
1874
5813
5184
1297
6204
1739
7690
8419
962
8228
6215
5410
7439
679
6126
7494
9448
3501
5876
4393
8098
6048
8315
3439
1991
766
3451
3353
217
473
4718
9546
8648
9460
236
1824
7429
5294
9381
4129
1126
6086
6150
9476
4491
3053
1886
8050
1388
529
263
472
8560
4678
9372
1850
8618
2516
6587
3331
1872
856
1510
7896
5665
1700
1239
5007
2879
530
921
9867
5753
130
3455
1240
29
1367
7244
7631
8863
6776
6200
7659
3305
5373
1205
7164
6694
5777
9379
7160
5488
7447
15
3523
7861
5284
4017
6937
5545
8349
8448
9327
