99975
99973
99969
99960
99942
99924
99921
99906
99896
99873
99867
99856
99855
99849
99845
99837
99819
99819
99813
99812
99804
99781
99780
99773
99734
99726
99714
99704
99698
99697
99693
99690
99688
99686
99684
99678
99675
99626
99620
99609
99604
99574
99569
99559
99556
99547
99545
99511
99510
99510
99503
99495
99454
99445
99442
99434
99433
99410
99400
99388
99385
99371
99355
99355
99339
99324
99307
99291
99262
99231
99226
99224
99202
99186
99175
99173
99167
99161
99157
99152
99137
99122
99122
99111
99093
99084
99072
99072
99056
99050
99045
99039
99023
98993
98989
98985
98975
98964
98955
98952
98933
98926
98925
98922
98886
98884
98874
98865
98860
98842
98823
98820
98817
98807
98800
98800
98787
98782
98741
98735
98708
98702
98687
98680
98671
98656
98638
98630
98622
98610
98604
98572
98568
98500
98488
98487
98456
98435
98423
98408
98407
98386
98385
98377
98359
98356
98336
98333
98325
98305
98303
98290
98289
98267
98256
98233
98230
98223
98222
98221
98208
98202
98198
98197
98191
98179
98158
98149
98138
98125
98123
98121
98108
98094
98086
98080
98062
98057
98040
98039
98011
98010
98010
98006
98005
97996
97985
97975
97963
97927
97919
97915
97912
97905
97905
97864
97862
97858
97827
97780
97776
97767
97754
97749
97748
97742
97736
97732
97730
97714
97711
97709
97706
97690
97688
97668
97665
97642
97633
97604
97602
97581
97566
97563
97559
97553
97552
97534
97531
97530
97517
97512
97512
97512
97501
97500
97489
97487
97483
97477
97475
97447
97433
97430
97428
97427
97417
97414
97403
97398
97376
97373
97371
97365
97364
97351
97351
97330
97327
97308
97308
97301
97293
97274
97273
97267
97233
97228
97227
97214
97209
97206
97199
97176
97164
97163
97157
97149
97146
97144
97136
97100
97095
97089
97080
97068
97056
97047
97036
97035
97018
97015
97007
96995
96993
96977
96925
96923
96914
96913
96901
96876
96872
96865
96827
96826
96810
96800
96797
96781
96774
96770
96760
96756
96755
96731
96720
96715
96713
96707
96683
96656
96651
96646
96643
96611
96608
96595
96587
96580
96575
96570
96565
96559
96552
96551
96524
96509
96501
96500
96493
96491
96489
96477
96447
96442
96440
96436
96431
96422
96406
96391
96389
96389
96383
96374
96366
96360
96356
96342
96341
96328
96324
96314
96296
96296
96280
96280
96269
96248
96247
96247
96224
96223
96222
96217
96212
96209
96208
96202
96193
96189
96179
96178
96172
96169
96169
96161
96144
96128
96120
96114
96103
96085
96066
96065
96063
96057
96053
96052
96045
96041
96026
96022
96019
96013
96011
96008
95998
95991
95972
95964
95960
95958
95941
95926
95922
95906
95891
95885
95884
95873
95853
95830
95811
95808
95805
95798
95793
95782
95778
95758
95747
95747
95746
95725
95722
95722
95700
95691
95686
95678
95658
95648
95626
95620
95617
95581
95578
95547
95544
95536
95529
95520
95480
95472
95449
95439
95435
95433
95433
95414
95402
95382
95376
95375
95373
95367
95364
95362
95326
95304
95303
95300
95300
95297
95274
95267
95254
95252
95250
95230
95230
95212
95200
95188
95179
95173
95117
95115
95104
95101
95087
95064
95040
95040
95039
95037
95035
95032
95028
95017
94988
94982
94964
94962
94960
94949
94948
94941
94925
94922
94922
94905
94897
94880
94857
94845
94823
94820
94792
94774
94772
94745
94692
94691
94683
94672
94670
94668
94654
94651
94649
94640
94632
94630
94628
94625
94622
94613
94608
94594
94574
94571
94541
94539
94535
94534
94532
94529
94503
94498
94487
94485
94482
94474
94471
94438
94427
94404
94391
94369
94347
94329
94325
94314
94314
94311
94308
94304
94296
94277
94272
94267
94256
94255
94255
94250
94237
94219
94218
94209
94205
94190
94149
94146
94126
94101
94088
94087
94073
94070
94056
94054
94042
94040
94037
94032
94009
94008
94008
94008
93990
93977
93963
93956
93950
93902
93902
93901
93891
93889
93887
93868
93839
93827
93822
93817
93814
93786
93775
93775
93771
93767
93759
93752
93736
93710
93692
93681
93677
93673
93670
93639
93637
93637
93636
93635
93626
93618
93617
93613
93608
93592
93586
93563
93549
93507
93496
93470
93463
93447
93429
93421
93421
93413
93408
93400
93388
93385
93384
93371
93368
93356
93354
93350
93315
93313
93307
93290
93289
93283
93256
93251
93239
93239
93238
93222
93211
93210
93199
93178
93175
93149
93147
93145
93144
93133
93129
93115
93112
93097
93091
93082
93073
93072
93052
93051
93037
93033
93022
93020
93018
92995
92984
92981
92973
92968
92959
92957
92954
92946
92939
92937
92932
92899
92897
92884
92878
92870
92856
92846
92845
92844
92832
92812
92789
92731
92724
92704
92702
92697
92695
92673
92671
92642
92628
92626
92618
92616
92612
92557
92551
92547
92547
92536
92530
92526
92523
92521
92518
92514
92512
92509
92508
92487
92478
92465
92452
92451
92448
92445
92419
92366
92345
92341
92337
92337
92337
92314
92312
92303
92292
92284
92250
92249
92249
92232
92225
92219
92208
92203
92201
92200
92198
92195
92179
92173
92163
92152
92152
92143
92142
92125
92122
92110
92079
92073
92044
92036
92026
92024
92022
92006
91992
91984
91943
91910
91901
91900
91878
91874
91862
91854
91833
91825
91797
91795
91791
91791
91779
91756
91754
91752
91749
91737
91726
91720
91718
91717
91716
91699
91694
91677
91663
91654
91636
91636
91609
91596
91595
91574
91572
91566
91546
91546
91542
91538
91505
91492
91476
91461
91457
91456
91441
91438
91423
91395
91385
91367
91357
91351
91349
91346
91328
91327
91320
91320
91314
91310
91297
91297
91293
91277
91268
91267
91266
91258
91257
91254
91248
91241
91236
91233
91205
91196
91186
91177
91175
91163
91161
91159
91158
91118
91060
91060
91058
91057
91052
91049
91039
91038
91009
90986
90983
90979
90973
90971
90962
90950
90928
90921
90907
90904
90899
90874
90867
90850
90848
90824
90823
90818
90816
90816
90813
90810
90793
90789
90786
90778
90753
90726
90719
90716
90710
90699
90684
90680
90671
90670
90663
90658
90647
90634
90634
90623
90612
90586
90581
90580
90580
90578
90577
90575
90566
90515
90493
90491
90480
90465
90460
90453
90435
90428
90406
90403
90401
90399
90384
90368
90366
90307
90304
90297
90282
90276
90258
90256
90253
90253
90217
90200
90199
90198
90184
90179
90179
90177
90170
90110
90104
90088
90082
90048
90043
90042
90017
90012
90010
90001
89999
89988
89979
89969
89954
89946
89934
89929
89923
89922
89920
89907
89886
89876
89862
89854
89840
89833
89830
89818
89799
89799
89781
89777
89756
89742
89731
89728
89713
89711
89698
89694
89690
89688
89684
89679
89676
89637
89587
89586
89585
89581
89577
89573
89569
89525
89521
89517
89502
89497
89486
89486
89473
89464
89460
89445
89440
89438
89433
89414
89400
89377
89374
89365
89358
89348
89347
89329
89315
89290
89254
89250
89249
89248
89246
89234
89224
89204
89197
89197
89196
89186
89174
89165
89160
89157
89134
89121
89108
89107
89101
89083
89078
89077
89073
89056
89047
89046
89013
88981
88980
88979
88972
88969
88960
88957
88945
88930
88920
88910
88886
88884
88873
88864
88858
88839
88834
88808
88796
88788
88782
88749
88748
88745
88739
88731
88704
88702
88701
88697
88683
88676
88673
88658
88657
88657
88657
88656
88653
88644
88638
88630
88624
88612
88600
88598
88587
88587
88575
88568
88539
88539
88537
88526
88521
88465
88440
88432
88428
88426
88425
88416
88415
88390
88386
88370
88365
88356
88348
88345
88326
88307
88298
88295
88279
88276
88262
88256
88233
88232
88226
88217
88217
88206
88202
88192
88192
88192
88177
88168
88148
88147
88126
88120
88110
88104
88088
88082
88081
88076
88076
88067
88063
88057
88037
88031
88012
87989
87978
87973
87963
87932
87915
87910
87910
87814
87791
87790
87783
87776
87775
87763
87763
87762
87742
87731
87729
87706
87680
87670
87662
87659
87650
87642
87641
87637
87629
87625
87624
87600
87573
87572
87566
87565
87564
87561
87553
87549
87513
87513
87513
87509
87508
87507
87502
87482
87466
87447
87444
87441
87426
87424
87416
87397
87394
87384
87352
87343
87323
87321
87305
87261
87253
87233
87231
87204
87175
87170
87167
87147
87129
87114
87105
87094
87090
87085
87081
87074
87071
87069
87056
87053
87050
87031
87018
87009
86990
86983
86940
86934
86927
86924
86923
86886
86883
86878
86875
86874
86873
86847
86836
86826
86824
86808
86807
86804
86799
86791
86785
86769
86767
86763
86754
86749
86747
86725
86713
86705
86698
86683
86677
86670
86669
86667
86657
86644
86634
86634
86605
86604
86588
86583
86576
86576
86573
86519
86501
86499
86493
86491
86488
86487
86484
86480
86471
86460
86443
86426
86423
86398
86392
86381
86368
86329
86322
86312
86309
86291
86289
86282
86274
86272
86254
86235
86231
86223
86204
86184
86181
86181
86180
86180
86170
86168
86151
86139
86131
86125
86122
86115
86111
86101
86085
86080
86062
86047
86033
86028
86027
86017
86009
86005
86001
85989
85988
85981
85971
85969
85963
85962
85956
85951
85932
85929
85923
85888
85873
85867
85865
85862
85859
85841
85840
85837
85836
85836
85827
85794
85781
85753
85748
85742
85742
85728
85725
85712
85707
85689
85678
85661
85659
85657
85650
85650
85628
85625
85600
85598
85593
85589
85572
85568
85564
85563
85561
85541
85535
85523
85503
85502
85498
85493
85489
85484
85468
85451
85447
85418
85410
85364
85337
85333
85327
85326
85315
85314
85313
85306
85302
85277
85277
85276
85275
85268
85268
85257
85220
85198
85196
85185
85165
85157
85142
85133
85125
85124
85108
85101
85091
85091
85088
85075
85073
85054
85047
85039
85031
85025
85007
85003
85003
85002
85001
84991
84981
84977
84945
84893
84873
84872
84849
84848
84843
84842
84832
84829
84785
84782
84776
84757
84756
84754
84745
84741
84738
84733
84725
84680
84669
84667
84660
84658
84656
84628
84626
84594
84566
84553
84553
84540
84532
84531
84526
84525
84517
84507
84492
84492
84478
84445
84429
84420
84382
84373
84366
84351
84345
84319
84318
84305
84303
84278
84259
84257
84250
84236
84235
84224
84211
84205
84202
84175
84166
84165
84159
84151
84141
84133
84128
84124
84112
84111
84110
84105
84099
84098
84094
84080
84079
84072
84071
84048
84043
84039
84033
84027
84019
84016
84010
83999
83977
83977
83976
83970
83960
83933
83930
83928
83917
83894
83892
83889
83866
83864
83834
83832
83803
83800
83793
83779
83765
83753
83742
83740
83721
83706
83701
83694
83693
83690
83673
83661
83640
83633
83627
83624
83619
83591
83583
83566
83564
83523
83520
83502
83500
83465
83455
83453
83451
83451
83451
83451
83448
83429
83427
83416
83403
83379
83371
83357
83341
83338
83329
83325
83322
83322
83316
83297
83292
83265
83261
83258
83256
83250
83245
83211
83195
83189
83168
83165
83144
83122
83110
83083
83076
83053
82997
82985
82969
82949
82945
82924
82912
82896
82895
82888
82880
82855
82840
82832
82826
82826
82822
82810
82803
82802
82800
82797
82772
82767
82761
82744
82732
82729
82710
82709
82697
82650
82640
82639
82626
82621
82612
82598
82589
82588
82567
82549
82518
82512
82508
82496
82495
82469
82443
82432
82427
82372
82372
82371
82371
82351
82344
82315
82304
82301
82298
82291
82282
82281
82280
82258
82254
82233
82230
82229
82226
82214
82210
82204
82199
82192
82191
82189
82182
82136
82133
82124
82118
82117
82100
82081
82074
82071
82054
82010
81996
81990
81957
81952
81935
81932
81930
81922
81918
81916
81907
81906
81905
81883
81880
81878
81838
81827
81825
81822
81802
81792
81791
81773
81756
81749
81734
81715
81692
81686
81676
81672
81649
81648
81641
81638
81634
81633
81624
81615
81593
81580
81577
81575
81572
81557
81556
81554
81549
81539
81527
81510
81465
81464
81459
81459
81423
81422
81416
81407
81401
81397
81394
81391
81389
81347
81344
81342
81336
81322
81317
81306
81294
81274
81269
81268
81252
81245
81231
81199
81196
81189
81174
81143
81137
81125
81121
81105
81059
81054
81046
81044
81039
81023
80995
80992
80990
80983
80982
80971
80971
80960
80950
80950
80944
80932
80931
80915
80913
80911
80906
80900
80897
80894
80893
80880
80876
80863
80854
80814
80811
80801
80797
80777
80752
80750
80747
80746
80735
80698
80673
80652
80643
80641
80637
80634
80630
80629
80623
80611
80610
80607
80588
80563
80552
80543
80523
80494
80484
80426
80412
80405
80383
80378
80377
80373
80372
80360
80348
80342
80334
80326
80322
80309
80303
80279
80279
80238
80225
80208
80195
80174
80170
80169
80163
80159
80154
80153
80140
80136
80130
80120
80107
80102
80093
80054
80035
80018
80013
80006
80004
79970
79958
79950
79950
79948
79927
79924
79918
79907
79865
79830
79829
79813
79797
79796
79796
79791
79791
79771
79769
79765
79763
79759
79744
79738
79732
79720
79681
79679
79679
79672
79665
79658
79654
79653
79651
79650
79642
79627
79624
79598
79598
79583
79577
79552
79543
79535
79528
79527
79512
79509
79489
79465
79461
79429
79418
79413
79412
79406
79375
79375
79374
79369
79352
79319
79316
79313
79308
79298
79262
79253
79246
79235
79224
79219
79193
79191
79166
79164
79158
79153
79147
79143
79135
79135
79126
79120
79105
79105
79099
79090
79089
79083
79076
79064
79060
79058
79048
79043
79036
79032
79012
79006
78999
78983
78975
78966
78956
78927
78910
78907
78900
78889
78871
78868
78842
78835
78833
78827
78818
78798
78787
78770
78761
78752
78744
78737
78730
78729
78719
78718
78713
78708
78702
78694
78682
78663
78650
78644
78639
78632
78622
78597
78585
78585
78570
78567
78547
78540
78525
78513
78502
78496
78492
78485
78484
78437
78414
78412
78409
78408
78408
78408
78395
78393
78386
78384
78361
78359
78353
78345
78334
78317
78311
78304
78303
78289
78288
78213
78203
78203
78197
78197
78188
78172
78167
78154
78153
78144
78140
78131
78127
78114
78107
78101
78089
78089
78052
78034
78024
78017
77994
77989
77930
77929
77924
77918
77909
77907
77897
77896
77888
77882
77880
77877
77873
77834
77816
77811
77810
77810
77789
77783
77781
77765
77763
77740
77740
77735
77729
77711
77706
77706
77700
77694
77687
77684
77673
77672
77668
77666
77655
77652
77648
77645
77643
77639
77632
77629
77609
77609
77604
77591
77582
77582
77582
77570
77565
77549
77545
77521
77518
77507
77503
77497
77496
77492
77473
77467
77419
77414
77411
77388
77371
77368
77366
77346
77344
77341
77317
77311
77308
77306
77289
77285
77267
77247
77246
77245
77227
77220
77209
77195
77189
77185
77167
77134
77134
77125
77119
77096
77090
77089
77071
77066
77040
77031
77001
76982
76978
76936
76895
76874
76845
76842
76841
76834
76829
76821
76818
76808
76797
76764
76730
76730
76726
76725
76723
76712
76708
76702
76701
76698
76696
76694
76671
76662
76655
76649
76639
76634
76611
76600
76585
76578
76577
76572
76558
76551
76546
76540
76536
76534
76534
76510
76489
76479
76464
76455
76453
76448
76431
76417
76403
76401
76398
76395
76393
76391
76384
76377
76373
76350
76350
76345
76338
76327
76309
76290
76290
76272
76236
76235
76226
76224
76217
76215
76207
76206
76202
76183
76178
76171
76164
76162
76148
76138
76130
76114
76113
76103
76100
76085
76084
76069
76068
76067
76050
76030
76024
76021
76016
76000
75998
75995
75968
75967
75950
75950
75944
75943
75943
75943
75942
75911
75901
75884
75876
75872
75859
75847
75841
75831
75831
75817
75812
75798
75785
75773
75769
75764
75755
75739
75738
75728
75711
75702
75700
75696
75691
75689
75678
75665
75661
75659
75651
75641
75625
75621
75592
75585
75556
75543
75537
75534
75516
75510
75508
75501
75490
75488
75477
75467
75458
75443
75377
75374
75368
75366
75364
75349
75343
75336
75336
75332
75328
75323
75323
75315
75304
75300
75299
75269
75258
75234
75201
75177
75173
75160
75155
75150
75143
75141
75140
75129
75125
75105
75102
75098
75089
75061
75061
75058
75052
75048
75043
75015
75008
75007
74986
74980
74978
74977
74960
74960
74951
74950
74934
74928
74926
74916
74899
74889
74885
74877
74873
74873
74871
74864
74858
74849
74849
74844
74843
74840
74815
74797
74748
74743
74729
74722
74698
74689
74683
74628
74593
74585
74585
74581
74577
74574
74563
74536
74503
74494
74486
74480
74476
74474
74460
74436
74434
74433
74414
74407
74390
74371
74365
74363
74362
74355
74347
74329
74318
74311
74305
74289
74285
74274
74273
74268
74265
74235
74227
74227
74226
74224
74222
74195
74189
74180
74173
74172
74167
74161
74148
74099
74089
74038
74035
73992
73991
73985
73982
73981
73981
73956
73939
73937
73916
73912
73902
73882
73878
73874
73865
73865
73838
73828
73823
73823
73819
73807
73796
73796
73790
73789
73760
73753
73747
73736
73719
73718
73694
73681
73676
73675
73668
73667
73650
73636
73635
73633
73611
73610
73592
73586
73569
73567
73566
73561
73554
73542
73542
73541
73531
73525
73507
73496
73496
73482
73465
73463
73461
73448
73435
73423
73414
73399
73381
73378
73376
73368
73366
73364
73361
73360
73344
73341
73331
73331
73316
73313
73307
73307
73303
73302
73295
73292
73255
73254
73250
73249
73243
73239
73233
73217
73194
73182
73143
73138
73123
73123
73121
73121
73120
73114
73108
73093
73021
73017
73015
73013
73010
73003
73002
72976
72972
72963
72959
72958
72953
72943
72943
72937
72934
72923
72922
72906
72891
72868
72841
72836
72830
72830
72818
72813
72786
72750
72741
72738
72729
72727
72708
72705
72703
72695
72676
72667
72666
72654
72651
72623
72621
72620
72618
72617
72616
72612
72604
72596
72593
72592
72571
72557
72553
72543
72539
72535
72527
72511
72496
72491
72475
72456
72448
72443
72424
72423
72396
72392
72384
72383
72382
72374
72360
72340
72328
72327
72322
72317
72309
72285
72284
72283
72241
72231
72216
72216
72201
72199
72155
72143
72127
72113
72093
72090
72084
72069
72055
72024
72000
71992
71967
71958
71945
71945
71937
71921
71901
71897
71879
71867
71865
71854
71852
71840
71839
71815
71776
71773
71763
71760
71756
71753
71745
71719
71707
71696
71692
71683
71683
71676
71656
71648
71644
71622
71614
71605
71568
71561
71561
71540
71537
71537
71536
71530
71523
71518
71514
71492
71459
71448
71433
71432
71426
71423
71398
71392
71388
71381
71363
71361
71348
71341
71326
71313
71293
71289
71278
71274
71273
71264
71261
71253
71246
71242
71224
71215
71190
71190
71187
71186
71163
71152
71145
71131
71128
71125
71121
71113
71100
71097
71080
71077
71072
71049
71032
71028
71016
70988
70979
70978
70969
70965
70936
70929
70913
70898
70897
70864
70859
70857
70857
70834
70832
70831
70804
70784
70775
70774
70769
70767
70760
70739
70732
70720
70719
70709
70704
70693
70688
70680
70672
70665
70662
70628
70596
70592
70586
70584
70584
70582
70580
70576
70562
70551
70539
70539
70525
70509
70506
70503
70495
70487
70484
70465
70457
70450
70440
70431
70425
70420
70419
70418
70409
70405
70391
70378
70374
70372
70356
70355
70354
70317
70305
70300
70278
70269
70254
70254
70253
70249
70239
70208
70185
70184
70180
70179
70166
70155
70143
70140
70133
70131
70127
70126
70121
70093
70092
70090
70070
70055
70039
70022
70013
70012
70009
69978
69977
69964
69955
69948
69879
69879
69875
69873
69872
69865
69865
69853
69853
69831
69823
69804
69776
69768
69764
69755
69701
69695
69689
69666
69653
69648
69617
69607
69605
69595
69589
69586
69577
69563
69559
69542
69515
69507
69495
69462
69430
69417
69416
69416
69387
69383
69374
69353
69350
69328
69327
69309
69306
69289
69286
69277
69275
69274
69261
69258
69256
69255
69249
69224
69211
69211
69188
69184
69181
69175
69169
69167
69167
69161
69146
69142
69141
69128
69124
69117
69109
69109
69108
69105
69101
69099
69094
69092
69083
69074
69070
69044
69038
69035
69027
69023
69023
69022
69006
69003
68996
68955
68945
68921
68920
68912
68903
68889
68879
68871
68859
68848
68846
68846
68831
68804
68801
68783
68778
68765
68752
68743
68742
68728
68718
68716
68654
68637
68634
68619
68617
68612
68597
68577
68565
68541
68531
68526
68521
68520
68476
68464
68448
68412
68341
68339
68333
68324
68324
68319
68318
68311
68291
68286
68285
68284
68256
68241
68230
68224
68209
68203
68198
68195
68187
68179
68168
68156
68154
68149
68145
68144
68141
68141
68123
68122
68117
68111
68106
68090
68079
68066
68051
68050
68030
68024
68015
68010
68001
67993
67988
67983
67982
67975
67967
67966
67944
67943
67929
67927
67922
67898
67872
67863
67860
67849
67836
67829
67825
67820
67819
67812
67805
67788
67780
67778
67778
67770
67758
67730
67722
67720
67718
67716
67705
67694
67688
67687
67685
67679
67666
67652
67645
67636
67635
67621
67615
67614
67597
67595
67593
67591
67583
67578
67564
67550
67536
67528
67496
67491
67480
67477
67470
67469
67453
67452
67442
67435
67419
67412
67397
67393
67380
67372
67364
67353
67325
67318
67315
67308
67306
67304
67303
67303
67284
67269
67250
67248
67248
67221
67216
67215
67206
67196
67195
67194
67183
67181
67173
67158
67157
67152
67144
67125
67118
67111
67101
67097
67089
67085
67069
67067
67056
67050
67029
67019
66966
66966
66953
66937
66927
66927
66926
66905
66893
66885
66881
66873
66855
66846
66831
66809
66800
66797
66796
66793
66781
66766
66736
66729
66724
66719
66693
66689
66685
66680
66670
66669
66661
66658
66655
66639
66637
66632
66632
66617
66595
66580
66579
66579
66575
66571
66553
66547
66535
66535
66531
66529
66507
66494
66480
66468
66446
66443
66441
66428
66412
66384
66374
66370
66345
66344
66325
66325
66313
66307
66293
66289
66285
66284
66280
66265
66248
66237
66236
66230
66208
66199
66189
66189
66183
66166
66157
66148
66090
66070
66064
66063
66061
66059
66057
66034
66026
66020
66011
66007
66001
65999
65999
65998
65990
65989
65972
65953
65946
65920
65918
65917
65913
65911
65909
65909
65907
65895
65889
65886
65876
65863
65810
65764
65759
65756
65745
65740
65740
65733
65730
65725
65724
65706
65696
65658
65655
65630
65629
65616
65607
65592
65572
65558
65557
65548
65545
65545
65544
65534
65511
65497
65493
65492
65490
65482
65480
65475
65473
65462
65458
65454
65437
65403
65380
65379
65379
65378
65360
65360
65352
65349
65346
65340
65338
65329
65328
65327
65318
65308
65299
65283
65269
65259
65242
65240
65229
65220
65209
65174
65154
65139
65136
65124
65124
65123
65115
65113
65111
65100
65097
65087
65078
65054
65032
65026
65022
65006
64982
64974
64962
64950
64945
64933
64918
64916
64910
64909
64905
64899
64883
64876
64875
64869
64866
64841
64828
64789
64786
64779
64775
64766
64761
64759
64749
64737
64734
64733
64727
64726
64713
64705
64669
64668
64667
64661
64646
64644
64638
64636
64628
64613
64613
64604
64585
64580
64569
64567
64566
64554
64546
64535
64521
64509
64508
64491
64480
64478
64470
64461
64458
64455
64434
64413
64386
64376
64365
64364
64361
64361
64357
64324
64307
64298
64289
64286
64286
64279
64263
64262
64249
64246
64224
64220
64219
64218
64216
64211
64210
64203
64201
64201
64165
64143
64121
64121
64104
64101
64098
64097
64084
64062
64061
64039
64000
63973
63920
63920
63920
63909
63879
63866
63864
63863
63856
63844
63839
63823
63808
63793
63774
63767
63762
63758
63750
63734
63709
63708
63703
63700
63696
63693
63686
63652
63641
63640
63636
63589
63543
63523
63512
63489
63481
63470
63469
63461
63460
63454
63449
63442
63427
63420
63384
63373
63366
63354
63352
63341
63336
63335
63325
63323
63315
63300
63290
63277
63272
63269
63253
63251
63241
63228
63227
63226
63224
63214
63212
63210
63195
63183
63181
63126
63126
63120
63109
63103
63058
63045
63040
63033
63022
63010
63000
62979
62948
62928
62928
62916
62883
62866
62864
62863
62857
62847
62791
62791
62788
62785
62778
62747
62747
62745
62736
62720
62695
62692
62691
62671
62665
62665
62660
62655
62649
62647
62641
62624
62586
62585
62580
62579
62566
62562
62550
62547
62546
62538
62521
62498
62482
62474
62473
62463
62449
62423
62421
62415
62400
62399
62384
62381
62352
62342
62336
62317
62312
62307
62297
62297
62286
62284
62272
62265
62263
62247
62243
62193
62189
62172
62159
62158
62148
62135
62124
62113
62103
62103
62100
62075
62075
62048
62020
62020
62010
61998
61995
61979
61973
61968
61954
61941
61935
61934
61933
61931
61918
61877
61867
61865
61862
61856
61855
61845
61842
61834
61817
61811
61802
61779
61775
61757
61753
61748
61743
61739
61733
61716
61715
61677
61666
61661
61645
61634
61611
61607
61598
61588
61569
61565
61563
61561
61546
61546
61513
61512
61507
61503
61498
61486
61468
61456
61441
61435
61428
61428
61427
61423
61397
61388
61347
61341
61326
61325
61323
61294
61292
61291
61283
61271
61270
61265
61259
61230
61191
61180
61165
61161
61153
61145
61144
61117
61115
61095
61085
61078
61056
61017
61014
60988
60983
60975
60969
60955
60943
60928
60925
60900
60876
60872
60858
60843
60831
60830
60825
60809
60803
60797
60791
60773
60767
60756
60754
60752
60736
60713
60705
60705
60700
60699
60694
60690
60679
60673
60672
60666
60662
60644
60628
60623
60622
60621
60603
60600
60587
60572
60560
60543
60525
60506
60500
60477
60464
60450
60444
60443
60433
60426
60425
60424
60419
60402
60398
60374
60348
60345
60317
60317
60284
60282
60282
60277
60276
60273
60272
60271
60265
60262
60253
60231
60223
60215
60200
60174
60173
60169
60152
60151
60148
60140
60123
60112
60086
60085
60079
60045
60040
60022
60019
59993
59978
59972
59936
59929
59923
59921
59920
59899
59889
59875
59871
59864
59856
59848
59848
59846
59815
59800
59798
59790
59777
59774
59772
59772
59770
59768
59748
59734
59716
59705
59694
59690
59689
59684
59679
59665
59634
59617
59617
59615
59608
59603
59600
59598
59586
59583
59577
59558
59527
59519
59518
59516
59512
59500
59497
59493
59492
59483
59457
59444
59420
59411
59410
59401
59379
59367
59363
59357
59355
59340
59339
59324
59295
59284
59258
59247
59246
59238
59226
59216
59198
59193
59193
59193
59171
59167
59155
59153
59149
59132
59121
59107
59103
59100
59081
59079
59058
59057
59056
59048
59041
59034
59029
59016
59011
59001
58997
58974
58970
58954
58951
58940
58901
58893
58890
58890
58890
58888
58885
58873
58860
58852
58843
58834
58832
58817
58816
58814
58803
58791
58776
58776
58768
58763
58761
58737
58724
58704
58687
58687
58667
58667
58657
58652
58636
58636
58633
58631
58627
58607
58600
58580
58577
58574
58573
58569
58564
58556
58542
58536
58527
58519
58514
58499
58496
58487
58486
58486
58478
58469
58463
58463
58459
58454
58425
58411
58382
58374
58370
58351
58346
58330
58317
58316
58295
58294
58290
58276
58274
58268
58247
58242
58239
58233
58227
58225
58222
58221
58212
58188
58179
58174
58151
58140
58137
58135
58102
58097
58094
58083
58069
58061
58054
58048
58037
58012
58004
57993
57988
57983
57974
57938
57921
57916
57914
57912
57896
57895
57875
57855
57844
57841
57821
57809
57797
57791
57784
57781
57768
57753
57751
57748
57745
57745
57709
57706
57701
57689
57689
57673
57660
57648
57646
57623
57567
57565
57565
57561
57541
57532
57529
57505
57502
57501
57499
57495
57494
57486
57474
57447
57446
57446
57432
57409
57403
57395
57378
57363
57353
57350
57342
57319
57295
57292
57260
57259
57240
57231
57229
57211
57208
57206
57202
57196
57196
57181
57155
57153
57150
57140
57132
57124
57095
57083
57080
57077
57070
57050
57048
57036
57012
57010
57007
57001
56995
56992
56983
56966
56958
56953
56948
56942
56903
56896
56891
56889
56878
56872
56866
56863
56856
56850
56841
56835
56829
56822
56805
56797
56796
56794
56792
56780
56747
56746
56745
56721
56718
56706
56693
56693
56692
56672
56656
56632
56624
56612
56612
56608
56587
56567
56546
56544
56530
56521
56519
56497
56468
56445
56439
56429
56428
56416
56412
56408
56406
56393
56389
56370
56365
56356
56331
56326
56325
56324
56313
56311
56309
56306
56269
56252
56232
56229
56227
56222
56205
56201
56194
56158
56152
56118
56114
56103
56101
56095
56075
56062
56057
56053
56042
56032
56022
56010
55995
55990
55986
55986
55976
55961
55945
55932
55929
55922
55910
55905
55885
55881
55879
55872
55867
55865
55857
55846
55843
55801
55798
55796
55775
55773
55763
55759
55754
55740
55718
55717
55705
55704
55703
55697
55672
55668
55642
55640
55632
55632
55614
55606
55590
55586
55584
55583
55573
55571
55564
55558
55548
55520
55498
55497
55497
55474
55463
55441
55437
55427
55419
55414
55410
55386
55384
55374
55371
55334
55330
55319
55247
55244
55243
55219
55210
55194
55194
55182
55162
55150
55145
55131
55113
55104
55102
55092
55087
55068
55048
55041
55033
55026
55015
55001
54998
54993
54989
54986
54977
54976
54969
54935
54927
54919
54902
54897
54895
54889
54886
54853
54846
54846
54823
54795
54774
54771
54748
54721
54712
54712
54711
54701
54656
54654
54651
54649
54632
54626
54621
54617
54610
54602
54600
54593
54591
54591
54590
54579
54558
54542
54539
54539
54534
54492
54486
54457
54455
54455
54454
54442
54437
54417
54388
54367
54362
54344
54341
54336
54331
54292
54283
54195
54184
54149
54128
54124
54124
54121
54118
54111
54108
54108
54089
54083
54052
54019
54015
54014
53990
53956
53932
53928
53897
53871
53870
53868
53868
53866
53860
53852
53840
53837
53815
53809
53806
53804
53799
53793
53772
53771
53763
53733
53685
53679
53674
53664
53658
53634
53613
53611
53593
53591
53571
53568
53532
53521
53517
53512
53511
53510
53506
53496
53482
53468
53461
53446
53433
53431
53429
53384
53379
53372
53353
53338
53338
53288
53266
53266
53246
53222
53214
53186
53165
53164
53157
53140
53133
53122
53107
53102
53097
53091
53089
53062
53024
53023
53017
52995
52983
52971
52967
52959
52947
52947
52942
52934
52930
52928
52902
52900
52881
52874
52865
52860
52822
52792
52783
52772
52772
52766
52748
52746
52730
52728
52725
52713
52685
52674
52663
52661
52656
52649
52626
52601
52599
52598
52582
52581
52575
52567
52563
52547
52534
52509
52473
52461
52455
52438
52390
52382
52381
52368
52361
52352
52346
52334
52329
52316
52302
52243
52241
52218
52208
52204
52196
52193
52190
52162
52162
52130
52129
52124
52123
52120
52099
52098
52094
52081
52069
52057
52056
52054
52047
52040
52037
52036
52034
52028
52022
52021
52000
51994
51992
51986
51984
51978
51961
51947
51933
51921
51914
51903
51879
51864
51852
51848
51847
51847
51847
51835
51825
51822
51818
51813
51784
51771
51771
51770
51768
51764
51752
51731
51721
51714
51709
51695
51695
51689
51674
51655
51642
51638
51636
51634
51632
51631
51622
51609
51604
51602
51596
51575
51560
51550
51549
51546
51540
51538
51517
51514
51508
51501
51500
51487
51476
51452
51433
51428
51424
51423
51423
51422
51419
51399
51377
51365
51362
51362
51361
51358
51340
51340
51336
51320
51318
51314
51309
51303
51297
51282
51279
51272
51267
51264
51252
51235
51228
51218
51217
51214
51208
51206
51195
51190
51184
51165
51146
51130
51130
51116
51100
51093
51072
51049
51037
51037
51013
50984
50980
50968
50963
50958
50948
50929
50912
50893
50885
50877
50868
50863
50858
50857
50856
50849
50847
50846
50831
50825
50818
50808
50801
50766
50757
50756
50727
50724
50718
50717
50709
50708
50705
50691
50642
50627
50626
50624
50590
50589
50559
50558
50544
50539
50511
50510
50509
50501
50499
50483
50481
50474
50441
50440
50435
50425
50424
50416
50415
50403
50388
50380
50375
50363
50349
50349
50346
50323
50320
50301
50300
50295
50289
50285
50279
50274
50267
50258
50257
50252
50247
50240
50235
50223
50203
50189
50183
50154
50136
50129
50123
50104
50104
50088
50076
50073
50066
50065
50061
50038
50020
50019
49992
49991
49965
49956
49956
49940
49919
49914
49896
49895
49872
49870
49864
49858
49854
49839
49825
49823
49793
49789
49779
49779
49762
49759
49748
49744
49743
49742
49742
49734
49706
49693
49678
49665
49660
49660
49658
49639
49620
49612
49594
49573
49569
49565
49553
49551
49551
49543
49509
49499
49489
49461
49450
49443
49436
49433
49428
49425
49409
49406
49404
49386
49379
49374
49370
49362
49354
49318
49317
49310
49286
49283
49221
49217
49216
49215
49207
49202
49195
49181
49160
49145
49127
49119
49111
49103
49085
49082
49076
49067
49065
49064
49062
49056
49034
49020
49012
48987
48978
48976
48962
48962
48952
48929
48909
48903
48895
48887
48877
48858
48854
48842
48836
48827
48814
48813
48802
48802
48790
48784
48780
48764
48764
48761
48751
48751
48746
48746
48743
48739
48727
48726
48726
48721
48720
48711
48711
48709
48687
48668
48665
48655
48651
48645
48628
48621
48618
48617
48597
48592
48581
48569
48564
48563
48554
48550
48543
48538
48531
48523
48510
48502
48496
48493
48483
48481
48481
48467
48464
48454
48431
48400
48388
48386
48384
48381
48379
48351
48343
48330
48288
48263
48258
48236
48235
48219
48209
48204
48181
48180
48167
48135
48133
48128
48127
48122
48109
48105
48103
48102
48092
48069
48063
48061
48052
48024
48021
48020
47977
47976
47959
47944
47938
47938
47919
47916
47910
47908
47903
47897
47895
47867
47859
47855
47845
47842
47823
47769
47763
47761
47759
47755
47755
47754
47752
47749
47746
47724
47713
47683
47678
47660
47659
47657
47643
47633
47632
47629
47617
47615
47601
47589
47575
47561
47553
47543
47541
47522
47513
47511
47511
47508
47506
47503
47495
47486
47469
47456
47453
47451
47449
47433
47433
47426
47424
47409
47401
47394
47387
47380
47368
47361
47339
47318
47313
47300
47280
47250
47217
47213
47195
47182
47178
47144
47137
47126
47124
47103
47099
47085
47075
47059
47047
47043
47029
47009
47006
46992
46975
46957
46955
46931
46925
46914
46908
46886
46880
46862
46860
46853
46846
46845
46833
46824
46807
46785
46785
46785
46772
46770
46749
46743
46742
46714
46698
46653
46647
46634
46632
46629
46607
46598
46572
46558
46556
46555
46549
46545
46540
46537
46531
46528
46515
46506
46491
46484
46482
46471
46461
46457
46452
46435
46431
46428
46427
46395
46385
46350
46341
46324
46293
46292
46280
46254
46244
46238
46229
46221
46215
46213
46200
46180
46164
46163
46153
46134
46131
46129
46124
46123
46116
46108
46105
46091
46091
46084
46069
46068
46065
46055
46054
46053
46052
46034
46025
46019
46009
46002
45999
45997
45988
45975
45966
45947
45932
45916
45903
45902
45897
45883
45861
45860
45856
45847
45841
45795
45786
45772
45758
45757
45728
45723
45701
45698
45690
45671
45668
45658
45656
45649
45633
45627
45625
45625
45622
45619
45606
45606
45602
45593
45593
45591
45589
45579
45575
45546
45535
45534
45517
45513
45505
45501
45475
45475
45451
45447
45430
45421
45421
45405
45385
45381
45370
45360
45357
45338
45326
45314
45307
45287
45286
45283
45216
45202
45198
45192
45189
45187
45176
45166
45165
45153
45146
45144
45121
45104
45104
45101
45079
45078
45062
45049
45047
45042
45040
45037
45025
45019
44999
44990
44976
44973
44961
44939
44927
44921
44918
44908
44903
44901
44899
44898
44885
44885
44884
44865
44850
44843
44835
44834
44831
44820
44819
44819
44818
44813
44798
44776
44771
44758
44755
44744
44683
44682
44679
44674
44664
44647
44638
44636
44631
44626
44625
44614
44591
44586
44580
44579
44512
44506
44495
44466
44464
44452
44449
44443
44406
44386
44382
44342
44326
44314
44294
44291
44288
44278
44273
44249
44229
44224
44217
44205
44201
44192
44191
44171
44167
44165
44160
44138
44131
44080
44063
44059
44053
44043
44020
44007
43999
43999
43997
43992
43990
43971
43968
43962
43958
43954
43952
43927
43920
43906
43899
43869
43861
43855
43844
43840
43826
43824
43805
43800
43767
43725
43720
43716
43695
43690
43677
43663
43661
43639
43639
43623
43614
43608
43601
43597
43585
43576
43575
43574
43569
43563
43556
43552
43524
43517
43494
43490
43483
43471
43464
43448
43434
43431
43420
43419
43411
43404
43404
43394
43391
43390
43339
43336
43330
43329
43320
43315
43313
43275
43275
43271
43270
43269
43265
43259
43242
43242
43238
43238
43216
43214
43213
43204
43201
43196
43193
43193
43154
43141
43140
43140
43137
43126
43124
43119
43107
43102
43101
43079
43077
43051
43041
43033
43014
43009
43004
42985
42984
42976
42975
42972
42963
42961
42941
42940
42892
42881
42874
42855
42850
42839
42830
42830
42813
42799
42782
42772
42771
42764
42754
42744
42705
42694
42681
42665
42656
42644
42644
42638
42626
42622
42618
42614
42611
42610
42598
42584
42563
42558
42527
42515
42479
42475
42474
42465
42459
42451
42449
42444
42443
42419
42410
42408
42405
42401
42398
42397
42379
42372
42366
42366
42357
42349
42343
42338
42331
42328
42319
42315
42299
42285
42274
42267
42261
42239
42215
42211
42200
42195
42182
42143
42136
42128
42126
42125
42121
42093
42076
42067
42063
42059
42050
42039
42032
42025
42023
42022
42018
42003
41998
41987
41981
41980
41964
41957
41956
41949
41941
41940
41933
41930
41929
41925
41917
41896
41892
41892
41878
41838
41828
41817
41808
41786
41785
41780
41777
41777
41757
41757
41749
41748
41745
41744
41740
41720
41705
41704
41696
41681
41679
41673
41649
41648
41636
41632
41624
41613
41605
41593
41589
41588
41580
41577
41570
41557
41548
41540
41527
41516
41514
41497
41491
41489
41483
41459
41455
41450
41450
41441
41435
41430
41430
41427
41426
41408
41390
41362
41322
41317
41267
41234
41208
41184
41179
41170
41162
41154
41154
41127
41113
41104
41084
41077
41068
41066
41064
41058
41033
41020
41012
40999
40991
40970
40942
40939
40934
40923
40912
40910
40909
40903
40888
40882
40879
40877
40843
40840
40835
40832
40829
40820
40797
40775
40750
40742
40742
40739
40736
40733
40733
40725
40715
40711
40704
40698
40696
40693
40684
40683
40669
40667
40664
40660
40654
40638
40631
40615
40609
40602
40598
40595
40580
40580
40579
40547
40519
40517
40504
40501
40496
40469
40467
40448
40409
40384
40378
40377
40364
40361
40360
40349
40340
40340
40318
40312
40300
40292
40273
40266
40262
40262
40261
40256
40234
40219
40218
40214
40192
40189
40183
40179
40166
40146
40123
40118
40093
40086
40084
40070
40067
40059
40058
40045
40044
40039
40037
40034
40021
40015
40000
39999
39990
39973
39963
39952
39918
39903
39896
39882
39880
39875
39847
39845
39824
39813
39808
39806
39795
39789
39789
39774
39766
39763
39754
39745
39733
39719
39715
39705
39703
39688
39673
39654
39639
39637
39616
39611
39599
39596
39584
39575
39570
39569
39556
39542
39541
39509
39480
39477
39477
39459
39455
39455
39445
39428
39423
39418
39408
39389
39386
39380
39370
39370
39359
39358
39310
39308
39306
39298
39282
39256
39251
39242
39236
39216
39212
39188
39184
39178
39169
39161
39122
39119
39108
39092
39088
39087
39080
39075
39063
39059
39041
39036
39024
39024
39021
39014
39004
38993
38989
38987
38982
38973
38942
38937
38917
38915
38895
38892
38874
38868
38867
38853
38851
38842
38840
38836
38833
38813
38808
38801
38794
38791
38780
38765
38749
38719
38710
38710
38693
38652
38647
38647
38641
38629
38619
38615
38613
38610
38607
38586
38580
38570
38563
38560
38560
38559
38539
38536
38522
38504
38501
38493
38480
38467
38425
38418
38408
38390
38389
38386
38373
38370
38360
38354
38330
38305
38304
38301
38299
38296
38254
38251
38247
38241
38211
38198
38191
38155
38152
38147
38136
38117
38110
38101
38100
38094
38070
38064
38055
38052
38051
38004
37997
37994
37968
37960
37959
37939
37913
37900
37899
37899
37899
37896
37890
37885
37874
37871
37867
37858
37853
37853
37841
37827
37813
37808
37806
37805
37798
37797
37766
37756
37752
37728
37726
37724
37717
37711
37708
37700
37683
37662
37647
37643
37642
37641
37636
37617
37616
37603
37601
37589
37580
37543
37541
37523
37494
37483
37473
37462
37432
37431
37414
37411
37409
37406
37395
37379
37366
37363
37333
37317
37312
37307
37273
37269
37263
37246
37245
37236
37233
37228
37224
37218
37203
37184
37177
37173
37172
37148
37143
37128
37117
37105
37102
37092
37071
37050
37048
37017
37013
36999
36995
36989
36978
36969
36958
36956
36954
36926
36913
36908
36889
36854
36843
36823
36781
36777
36747
36745
36745
36734
36730
36722
36716
36713
36700
36699
36686
36659
36612
36581
36556
36539
36536
36533
36531
36530
36521
36519
36519
36516
36515
36509
36476
36470
36464
36454
36442
36429
36425
36413
36388
36386
36382
36375
36373
36370
36353
36348
36323
36316
36282
36280
36263
36259
36246
36232
36209
36188
36183
36179
36168
36164
36157
36151
36147
36144
36123
36107
36071
36068
36050
36010
35990
35984
35975
35956
35955
35951
35948
35924
35923
35922
35899
35898
35895
35882
35851
35846
35826
35824
35809
35784
35770
35768
35762
35721
35720
35709
35666
35662
35651
35639
35627
35618
35615
35599
35586
35581
35580
35573
35553
35537
35521
35510
35507
35479
35477
35471
35461
35449
35420
35411
35400
35399
35389
35373
35372
35367
35367
35361
35356
35353
35350
35330
35329
35327
35319
35302
35285
35280
35275
35267
35248
35247
35239
35234
35234
35213
35212
35203
35202
35190
35181
35181
35180
35176
35165
35164
35116
35114
35111
35107
35092
35081
35062
35042
35038
35032
35022
35018
35010
35006
35003
35002
34995
34992
34982
34978
34974
34973
34968
34955
34950
34918
34909
34898
34895
34890
34858
34855
34828
34814
34806
34774
34763
34762
34762
34760
34753
34745
34735
34724
34719
34708
34695
34677
34669
34662
34652
34650
34643
34624
34623
34620
34609
34607
34605
34587
34580
34568
34567
34565
34550
34545
34540
34540
34530
34504
34501
34499
34497
34487
34466
34462
34447
34443
34431
34428
34426
34420
34411
34403
34397
34394
34392
34390
34388
34384
34384
34376
34365
34354
34344
34332
34330
34321
34305
34294
34288
34282
34279
34264
34261
34250
34243
34228
34227
34222
34217
34210
34200
34199
34182
34172
34159
34152
34117
34107
34106
34091
34086
34082
34080
34076
34066
34064
34063
34047
34047
34038
34033
34014
33970
33966
33944
33938
33937
33914
33892
33875
33858
33857
33857
33848
33839
33834
33834
33827
33825
33820
33813
33806
33795
33789
33783
33779
33777
33775
33774
33758
33752
33736
33728
33727
33727
33724
33723
33720
33719
33703
33698
33691
33679
33666
33652
33628
33612
33611
33610
33580
33577
33574
33568
33561
33561
33553
33544
33532
33521
33512
33502
33489
33486
33465
33464
33446
33438
33425
33410
33404
33403
33390
33357
33351
33348
33341
33321
33316
33309
33296
33294
33290
33272
33257
33255
33253
33248
33245
33240
33234
33233
33222
33193
33191
33177
33164
33135
33135
33125
33123
33102
33081
33074
33073
33057
33044
33040
33031
33030
33023
33015
33005
33003
32995
32982
32972
32970
32966
32950
32945
32928
32923
32921
32893
32876
32850
32848
32843
32837
32833
32823
32821
32801
32798
32777
32771
32751
32734
32722
32715
32700
32690
32656
32648
32638
32627
32626
32612
32604
32604
32596
32588
32576
32574
32570
32536
32521
32510
32507
32498
32498
32494
32485
32476
32459
32457
32449
32445
32440
32438
32437
32430
32429
32418
32416
32399
32390
32386
32366
32365
32355
32344
32344
32339
32337
32319
32307
32306
32289
32287
32286
32282
32272
32267
32267
32262
32253
32234
32225
32206
32196
32196
32196
32181
32179
32130
32124
32092
32086
32079
32077
32075
32017
32015
32011
32000
31986
31965
31963
31953
31943
31924
31902
31901
31900
31897
31878
31849
31846
31844
31841
31823
31819
31818
31813
31812
31800
31800
31799
31795
31794
31773
31768
31759
31749
31749
31711
31710
31704
31704
31684
31677
31672
31670
31665
31657
31636
31632
31630
31629
31628
31612
31607
31572
31566
31566
31562
31540
31485
31479
31476
31453
31452
31443
31420
31394
31379
31360
31342
31332
31331
31328
31325
31308
31303
31298
31296
31294
31285
31282
31281
31280
31263
31258
31248
31241
31208
31192
31165
31164
31150
31139
31128
31116
31089
31082
31081
31076
31073
31057
31056
31041
31041
31040
31038
31028
31006
31001
30998
30995
30992
30979
30964
30948
30932
30927
30911
30904
30899
30876
30867
30867
30858
30845
30838
30808
30799
30789
30759
30754
30754
30726
30686
30672
30671
30647
30644
30602
30597
30589
30584
30582
30579
30561
30519
30509
30506
30490
30460
30447
30435
30429
30415
30386
30385
30375
30371
30369
30328
30315
30306
30305
30297
30296
30286
30283
30270
30262
30261
30239
30232
30231
30222
30218
30191
30169
30163
30136
30135
30120
30118
30105
30100
30096
30084
30069
30067
30064
30055
30054
30049
30035
30029
30014
30008
29995
29980
29946
29924
29899
29894
29873
29862
29860
29858
29856
29839
29830
29826
29825
29802
29792
29791
29786
29781
29779
29773
29772
29762
29739
29735
29733
29727
29727
29724
29711
29702
29693
29692
29687
29687
29682
29665
29650
29634
29634
29615
29601
29566
29566
29560
29557
29551
29547
29539
29536
29530
29529
29525
29519
29517
29516
29515
29515
29513
29495
29467
29464
29460
29447
29434
29429
29417
29411
29396
29380
29374
29365
29361
29340
29334
29320
29311
29307
29296
29290
29289
29268
29267
29263
29263
29250
29240
29239
29237
29236
29219
29199
29174
29132
29132
29131
29119
29111
29089
29080
29078
29064
29052
29030
29019
29016
29011
29003
28981
28974
28960
28954
28946
28933
28925
28919
28913
28889
28889
28860
28860
28858
28857
28855
28841
28830
28816
28794
28793
28789
28782
28781
28775
28774
28772
28769
28760
28758
28739
28736
28735
28734
28730
28713
28701
28673
28663
28662
28652
28639
28635
28635
28629
28618
28612
28609
28594
28588
28574
28573
28570
28559
28559
28554
28551
28538
28535
28504
28503
28496
28485
28477
28476
28469
28460
28446
28412
28407
28403
28388
28380
28361
28360
28349
28333
28317
28313
28311
28299
28287
28286
28284
28275
28269
28263
28258
28255
28240
28220
28216
28212
28205
28196
28177
28165
28147
28140
28139
28121
28105
28100
28083
28083
28082
28081
28080
28062
28021
28007
28000
27992
27973
27936
27928
27928
27889
27863
27860
27852
27851
27847
27835
27824
27813
27789
27778
27777
27773
27773
27766
27765
27749
27738
27738
27730
27718
27705
27693
27681
27681
27667
27636
27635
27610
27608
27593
27588
27580
27577
27568
27564
27559
27549
27547
27517
27502
27499
27495
27483
27478
27467
27453
27448
27430
27429
27421
27420
27420
27396
27374
27372
27365
27358
27346
27345
27338
27332
27331
27315
27313
27304
27297
27288
27275
27266
27251
27230
27222
27210
27208
27204
27194
27193
27190
27184
27116
27101
27100
27096
27066
27064
27064
27054
27052
27045
27042
27039
27038
27035
27030
27025
27012
26992
26983
26967
26947
26947
26943
26940
26915
26904
26891
26888
26887
26858
26852
26848
26815
26807
26804
26797
26788
26783
26773
26766
26734
26723
26722
26717
26709
26706
26698
26693
26673
26671
26660
26649
26633
26630
26597
26596
26570
26567
26564
26529
26497
26490
26449
26435
26435
26426
26415
26406
26384
26379
26371
26361
26336
26334
26309
26292
26283
26237
26217
26207
26198
26189
26188
26154
26148
26125
26038
26015
25991
25983
25981
25977
25976
25969
25967
25964
25940
25937
25935
25927
25910
25900
25894
25887
25881
25881
25880
25879
25878
25865
25860
25859
25856
25854
25835
25828
25822
25811
25805
25787
25761
25757
25751
25738
25737
25721
25699
25696
25695
25665
25652
25629
25626
25619
25615
25608
25599
25595
25595
25586
25577
25576
25552
25550
25534
25531
25530
25526
25518
25518
25508
25505
25504
25501
25484
25460
25459
25450
25445
25439
25418
25411
25403
25395
25371
25362
25351
25348
25334
25328
25322
25317
25298
25298
25295
25281
25280
25269
25268
25266
25266
25263
25257
25253
25241
25228
25226
25216
25207
25205
25201
25195
25186
25150
25150
25131
25130
25114
25114
25107
25107
25096
25089
25078
25077
25074
25046
25043
25040
25040
25025
25024
25021
25015
24997
24987
24977
24975
24966
24954
24871
24871
24861
24855
24855
24855
24837
24819
24808
24798
24792
24786
24775
24761
24760
24731
24729
24727
24722
24715
24714
24707
24705
24702
24687
24687
24680
24673
24651
24636
24625
24621
24615
24598
24579
24572
24570
24563
24561
24554
24532
24530
24529
24524
24519
24500
24485
24471
24469
24462
24433
24426
24426
24417
24395
24383
24373
24359
24340
24325
24302
24299
24279
24249
24245
24244
24242
24234
24234
24232
24232
24229
24213
24212
24199
24178
24167
24162
24147
24144
24137
24098
24091
24085
24071
24067
24063
24048
24033
24029
24019
24013
24006
24002
23999
23996
23983
23972
23969
23967
23959
23943
23904
23900
23887
23868
23866
23861
23837
23834
23825
23823
23799
23764
23762
23737
23725
23718
23715
23692
23689
23672
23672
23666
23630
23622
23600
23591
23584
23572
23558
23555
23545
23544
23537
23503
23497
23493
23490
23489
23485
23483
23475
23463
23451
23449
23447
23430
23423
23422
23416
23412
23408
23401
23388
23373
23333
23324
23324
23288
23259
23249
23245
23243
23238
23189
23187
23186
23180
23179
23172
23169
23163
23161
23147
23128
23121
23116
23102
23089
23063
23059
23042
23038
23032
23030
23025
23009
22982
22965
22956
22953
22937
22930
22924
22922
22920
22907
22904
22903
22883
22865
22862
22844
22825
22820
22818
22781
22768
22755
22748
22740
22728
22724
22722
22705
22700
22692
22670
22669
22665
22647
22643
22631
22624
22623
22607
22594
22594
22591
22580
22557
22555
22549
22533
22500
22498
22490
22478
22476
22441
22437
22423
22366
22365
22365
22355
22354
22350
22342
22336
22329
22329
22316
22316
22309
22299
22279
22274
22267
22266
22264
22254
22248
22244
22240
22225
22223
22219
22217
22215
22209
22201
22183
22175
22170
22169
22156
22152
22150
22126
22116
22111
22098
22083
22057
22056
22037
22031
22018
21984
21974
21965
21954
21935
21922
21921
21897
21886
21864
21864
21834
21820
21817
21812
21790
21782
21773
21767
21750
21749
21718
21710
21701
21698
21678
21666
21653
21648
21622
21616
21615
21613
21599
21598
21595
21591
21589
21587
21581
21574
21555
21529
21517
21507
21499
21490
21475
21474
21464
21461
21459
21426
21421
21411
21403
21384
21384
21369
21367
21359
21347
21337
21336
21331
21324
21315
21314
21307
21298
21298
21294
21260
21258
21249
21226
21218
21213
21208
21192
21189
21180
21172
21140
21117
21116
21104
21087
21082
21076
21060
21050
21042
21025
21015
21012
20998
20989
20987
20969
20965
20964
20963
20949
20905
20901
20896
20894
20886
20879
20861
20854
20852
20850
20835
20834
20830
20823
20813
20785
20750
20749
20747
20723
20719
20717
20714
20714
20684
20683
20672
20665
20664
20664
20650
20649
20642
20639
20637
20631
20615
20604
20573
20559
20555
20531
20531
20524
20521
20506
20506
20504
20459
20458
20431
20414
20399
20374
20372
20368
20351
20346
20332
20325
20312
20303
20276
20271
20267
20264
20249
20248
20246
20236
20225
20223
20223
20214
20213
20213
20209
20208
20207
20202
20190
20163
20154
20147
20135
20118
20110
20105
20091
20068
20044
20027
20026
20008
19967
19966
19949
19940
19921
19908
19895
19890
19865
19844
19826
19825
19813
19810
19795
19770
19755
19742
19741
19740
19726
19715
19709
19684
19659
19642
19640
19636
19627
19622
19613
19611
19607
19602
19585
19584
19571
19564
19558
19553
19548
19540
19529
19520
19519
19517
19508
19505
19502
19500
19455
19450
19444
19438
19437
19407
19395
19395
19382
19381
19381
19381
19375
19371
19370
19366
19348
19346
19341
19314
19312
19305
19300
19294
19291
19288
19283
19278
19240
19216
19215
19215
19207
19200
19199
19194
19165
19161
19144
19129
19120
19090
19084
19084
19083
19082
19070
19068
19064
19051
19039
19037
19032
19029
19026
19020
19003
18966
18956
18950
18948
18944
18942
18928
18919
18884
18875
18873
18832
18826
18821
18813
18795
18787
18783
18774
18762
18757
18750
18749
18745
18744
18736
18726
18712
18706
18699
18697
18683
18659
18657
18655
18651
18638
18626
18607
18603
18590
18548
18547
18545
18516
18512
18508
18505
18501
18475
18470
18458
18453
18452
18435
18410
18402
18400
18400
18394
18383
18378
18377
18357
18352
18349
18349
18337
18326
18320
18281
18279
18277
18245
18228
18206
18201
18190
18189
18183
18166
18151
18149
18143
18137
18130
18099
18088
18078
18072
18057
18053
18033
18019
18013
18005
18003
17983
17970
17960
17959
17950
17938
17935
17916
17912
17900
17889
17863
17843
17832
17831
17818
17817
17806
17792
17787
17774
17764
17763
17749
17744
17697
17679
17677
17674
17672
17671
17656
17627
17602
17600
17597
17595
17569
17555
17555
17549
17543
17525
17520
17517
17515
17505
17494
17484
17480
17475
17451
17442
17421
17414
17407
17405
17400
17398
17387
17366
17314
17313
17303
17296
17296
17293
17276
17274
17273
17258
17255
17250
17235
17232
17230
17217
17184
17182
17162
17153
17142
17142
17120
17112
17112
17099
17098
17094
17093
17086
17058
17039
17034
17028
17008
16977
16955
16934
16913
16896
16893
16879
16869
16837
16818
16791
16788
16750
16745
16741
16734
16725
16719
16715
16704
16703
16694
16680
16679
16676
16676
16659
16651
16635
16632
16631
16614
16605
16602
16599
16591
16584
16556
16553
16551
16546
16544
16495
16479
16479
16462
16454
16452
16450
16424
16408
16405
16401
16398
16396
16395
16391
16380
16370
16367
16365
16351
16348
16346
16322
16304
16297
16274
16265
16263
16258
16248
16234
16227
16208
16203
16201
16199
16178
16178
16161
16159
16148
16146
16141
16116
16096
16094
16093
16081
16072
16070
16067
16058
16043
16032
16017
16016
15999
15997
15991
15977
15975
15929
15928
15907
15884
15872
15871
15871
15864
15846
15844
15843
15832
15829
15823
15797
15796
15795
15795
15772
15761
15761
15761
15758
15741
15736
15730
15724
15715
15697
15678
15674
15667
15647
15641
15620
15614
15587
15578
15577
15573
15567
15556
15534
15524
15523
15503
15500
15498
15482
15479
15479
15467
15462
15455
15450
15436
15431
15424
15424
15398
15387
15384
15364
15346
15345
15340
15330
15313
15312
15309
15302
15286
15282
15278
15269
15244
15243
15242
15242
15228
15218
15217
15199
15192
15188
15180
15150
15139
15129
15117
15108
15097
15086
15080
15071
15069
15059
15050
15046
15040
15026
15014
15013
15003
15003
14996
14969
14968
14964
14951
14943
14938
14936
14923
14917
14916
14898
14894
14849
14838
14830
14812
14809
14808
14802
14797
14795
14790
14766
14765
14752
14733
14728
14722
14718
14717
14674
14672
14671
14661
14660
14638
14620
14611
14607
14547
14533
14524
14522
14514
14514
14504
14494
14491
14488
14480
14478
14470
14465
14444
14430
14415
14412
14387
14386
14383
14365
14360
14358
14358
14358
14343
14332
14332
14316
14312
14303
14298
14286
14286
14278
14273
14260
14240
14218
14213
14192
14190
14176
14160
14147
14128
14114
14103
14095
14088
14088
14086
14086
14084
14084
14079
14078
14065
14060
14057
14055
14043
14043
14018
14013
14007
13986
13980
13963
13943
13933
13908
13902
13900
13881
13878
13866
13851
13848
13834
13827
13819
13809
13797
13782
13770
13765
13744
13740
13736
13720
13718
13698
13696
13694
13691
13679
13668
13658
13645
13626
13625
13622
13615
13611
13610
13607
13604
13558
13543
13539
13519
13519
13515
13514
13509
13482
13480
13466
13444
13438
13418
13413
13399
13390
13387
13379
13377
13372
13347
13335
13329
13328
13327
13314
13299
13291
13291
13286
13238
13233
13224
13211
13203
13185
13173
13151
13149
13146
13140
13130
13103
13092
13085
13069
13060
13055
13054
13053
13048
13043
13036
13025
13024
13011
13000
12985
12981
12978
12949
12938
12920
12920
12876
12874
12846
12825
12814
12813
12762
12759
12750
12750
12745
12729
12714
12705
12701
12692
12659
12657
12620
12551
12537
12534
12532
12524
12519
12519
12494
12493
12476
12467
12465
12460
12457
12448
12432
12431
12429
12419
12384
12382
12372
12369
12359
12358
12327
12314
12307
12295
12285
12276
12266
12263
12254
12241
12228
12217
12211
12207
12186
12153
12126
12120
12115
12112
12112
12101
12055
12008
12007
11996
11981
11967
11946
11942
11942
11935
11924
11921
11921
11908
11889
11873
11846
11841
11815
11781
11767
11766
11763
11756
11755
11736
11722
11719
11709
11706
11706
11700
11696
11669
11664
11651
11612
11594
11593
11587
11558
11544
11541
11533
11532
11529
11528
11517
11515
11506
11506
11503
11500
11497
11449
11447
11417
11414
11408
11407
11405
11403
11400
11396
11377
11371
11371
11366
11356
11348
11345
11341
11322
11315
11313
11298
11294
11264
11257
11254
11253
11253
11236
11187
11182
11160
11148
11126
11125
11110
11086
11084
11067
11058
11045
11025
11008
10991
10990
10970
10964
10961
10956
10943
10912
10905
10899
10898
10890
10888
10887
10878
10872
10864
10863
10846
10841
10839
10837
10832
10828
10823
10812
10803
10792
10760
10757
10752
10743
10737
10731
10714
10680
10677
10667
10664
10661
10661
10658
10634
10632
10615
10597
10596
10592
10588
10584
10565
10564
10529
10492
10468
10461
10461
10448
10446
10442
10442
10434
10432
10420
10417
10400
10395
10376
10375
10327
10325
10323
10322
10311
10306
10294
10293
10288
10277
10276
10256
10241
10240
10239
10239
10238
10234
10229
10219
10218
10209
10198
10192
10175
10173
10165
10144
10110
10097
10086
10065
10059
10038
10035
10030
10029
10026
10014
10010
10009
10003
9980
9979
9974
9959
9959
9949
9922
9920
9880
9872
9870
9866
9864
9850
9837
9823
9818
9787
9771
9767
9748
9736
9726
9716
9708
9702
9680
9679
9650
9637
9627
9597
9594
9579
9561
9552
9549
9541
9524
9499
9482
9479
9474
9463
9453
9450
9421
9395
9378
9376
9357
9353
9341
9335
9313
9309
9309
9306
9289
9279
9278
9264
9264
9247
9239
9234
9192
9184
9178
9171
9170
9160
9157
9127
9108
9096
9095
9094
9066
9059
9048
9046
9039
9024
9023
9013
9008
8989
8986
8979
8970
8968
8953
8945
8928
8927
8920
8918
8875
8868
8865
8864
8864
8859
8858
8857
8854
8842
8834
8826
8803
8797
8784
8749
8745
8730
8717
8714
8708
8694
8690
8686
8662
8652
8651
8650
8620
8608
8602
8600
8599
8597
8580
8563
8559
8556
8553
8544
8533
8533
8527
8527
8524
8515
8511
8505
8501
8496
8486
8485
8478
8470
8429
8426
8423
8402
8394
8393
8386
8379
8367
8340
8319
8306
8305
8262
8256
8253
8239
8233
8223
8219
8205
8196
8195
8194
8181
8179
8152
8149
8147
8141
8131
8130
8115
8105
8104
8077
8076
8069
8056
8043
8037
8008
8007
7997
7996
7983
7974
7969
7969
7922
7920
7894
7888
7877
7863
7858
7846
7845
7844
7832
7826
7822
7810
7790
7785
7773
7772
7768
7766
7753
7745
7740
7679
7679
7670
7635
7631
7615
7607
7591
7587
7577
7555
7552
7550
7542
7533
7532
7526
7507
7507
7448
7443
7441
7436
7434
7419
7416
7409
7397
7365
7355
7354
7347
7347
7344
7337
7327
7326
7323
7303
7298
7281
7257
7256
7245
7238
7235
7212
7195
7192
7162
7162
7152
7141
7131
7129
7084
7073
7066
7049
7037
7034
7033
7024
7018
7015
7007
6998
6995
6993
6976
6969
6942
6942
6921
6915
6913
6890
6890
6888
6888
6887
6882
6855
6813
6802
6795
6795
6787
6755
6740
6698
6694
6688
6688
6673
6672
6668
6640
6621
6612
6597
6596
6594
6586
6585
6560
6548
6533
6531
6530
6508
6494
6490
6487
6486
6479
6468
6451
6414
6409
6409
6406
6402
6398
6398
6396
6390
6383
6379
6378
6366
6345
6339
6318
6310
6303
6275
6265
6264
6263
6259
6258
6255
6252
6250
6245
6237
6236
6221
6213
6212
6175
6163
6139
6131
6130
6130
6130
6122
6117
6111
6110
6108
6107
6096
6096
6079
6065
6042
6036
6029
6027
6017
6000
5995
5994
5989
5966
5932
5929
5924
5888
5888
5873
5865
5864
5845
5842
5834
5831
5822
5821
5789
5761
5740
5740
5719
5714
5713
5711
5681
5680
5657
5636
5619
5611
5608
5607
5605
5585
5583
5571
5566
5564
5556
5555
5554
5539
5533
5532
5529
5514
5514
5508
5471
5470
5432
5418
5412
5410
5399
5394
5393
5386
5385
5377
5349
5348
5322
5313
5306
5299
5291
5281
5280
5273
5263
5250
5232
5204
5195
5184
5163
5155
5154
5142
5136
5095
5090
5078
5063
5052
5048
5026
5021
5012
5009
5006
4994
4956
4949
4948
4943
4936
4928
4923
4910
4906
4888
4879
4862
4857
4848
4847
4845
4800
4799
4798
4795
4786
4786
4779
4779
4776
4767
4766
4742
4731
4726
4702
4697
4679
4673
4647
4628
4620
4619
4588
4580
4571
4570
4570
4562
4559
4559
4558
4544
4541
4536
4534
4527
4514
4502
4501
4481
4480
4476
4469
4463
4461
4453
4452
4451
4449
4446
4437
4436
4414
4414
4411
4394
4375
4362
4353
4352
4351
4345
4333
4323
4323
4316
4294
4290
4272
4269
4259
4241
4231
4221
4207
4201
4200
4192
4184
4144
4141
4141
4121
4111
4109
4087
4054
4047
4044
4024
4016
4004
4004
4003
4003
3984
3968
3960
3948
3947
3938
3917
3887
3883
3864
3862
3855
3854
3852
3848
3826
3807
3789
3785
3765
3756
3745
3719
3646
3640
3635
3629
3627
3624
3620
3616
3598
3596
3595
3594
3583
3581
3571
3570
3563
3542
3539
3534
3533
3502
3497
3485
3484
3481
3467
3452
3441
3437
3416
3412
3403
3385
3353
3337
3324
3302
3288
3259
3253
3243
3233
3222
3212
3204
3198
3189
3175
3164
3135
3125
3107
3080
3079
3073
3061
3047
3037
3035
3031
3027
3015
2995
2965
2948
2915
2915
2897
2895
2870
2863
2835
2830
2821
2808
2776
2775
2765
2760
2756
2731
2724
2689
2649
2649
2637
2632
2618
2608
2606
2581
2578
2564
2544
2544
2543
2532
2529
2522
2518
2517
2514
2512
2510
2489
2486
2460
2458
2455
2445
2423
2411
2375
2364
2352
2342
2342
2332
2324
2315
2312
2311
2307
2300
2291
2289
2286
2281
2269
2264
2244
2240
2208
2207
2197
2177
2168
2164
2161
2159
2158
2156
2146
2140
2133
2116
2113
2085
2078
2075
2069
2062
2049
2037
2037
2036
2036
2036
2033
2013
1996
1985
1979
1973
1972
1963
1948
1947
1888
1876
1874
1871
1864
1862
1849
1815
1813
1812
1811
1800
1798
1789
1782
1775
1769
1745
1723
1714
1682
1665
1664
1637
1629
1609
1607
1604
1580
1574
1564
1560
1549
1548
1544
1541
1536
1505
1484
1483
1479
1454
1441
1429
1417
1403
1379
1342
1327
1322
1321
1312
1305
1295
1291
1286
1279
1277
1275
1268
1253
1247
1244
1243
1225
1221
1206
1189
1187
1176
1165
1149
1144
1139
1105
1102
1093
1081
1074
1049
1037
1018
1014
1007
973
945
927
911
908
906
905
902
899
891
825
818
809
805
804
792
788
780
771
755
752
736
736
733
733
731
727
725
725
717
715
693
690
684
682
680
669
654
639
595
592
578
576
575
558
531
530
523
523
522
506
484
471
468
460
452
447
395
394
391
388
381
369
358
357
351
339
335
329
319
314
313
312
299
294
274
273
273
272
248
247
246
245
241
238
231
211
210
206
196
167
147
147
142
128
121
103
99
96
90
79
54
48
15
2
