99999
99974
99940
99927
99925
99920
99917
99909
99899
99889
99872
99866
99857
99852
99835
99832
99828
99808
99786
99785
99784
99775
99759
99755
99754
99752
99739
99729
99722
99717
99702
99700
99693
99688
99684
99677
99653
99648
99633
99625
99622
99618
99616
99612
99604
99595
99574
99565
99548
99523
99523
99508
99496
99481
99474
99459
99452
99444
99436
99419
99407
99402
99402
99394
99386
99372
99357
99352
99347
99325
99302
99291
99281
99274
99272
99253
99232
99232
99228
99227
99226
99199
99196
99182
99181
99163
99143
99132
99128
99111
99097
99077
99059
99055
99049
99032
99011
99009
98964
98958
98938
98917
98912
98900
98888
98887
98878
98876
98865
98854
98853
98852
98839
98786
98769
98760
98748
98741
98740
98733
98724
98716
98707
98693
98671
98669
98667
98654
98650
98647
98645
98644
98633
98631
98620
98608
98602
98602
98589
98584
98575
98570
98568
98560
98546
98544
98539
98531
98531
98523
98521
98508
98501
98486
98478
98465
98465
98459
98456
98446
98437
98436
98427
98416
98415
98412
98399
98394
98388
98369
98366
98359
98355
98344
98338
98335
98329
98326
98325
98286
98275
98219
98216
98214
98212
98190
98186
98185
98183
98179
98166
98119
98113
98092
98071
98066
98061
98046
98041
98029
98023
98020
98019
98013
98009
98007
98006
97999
97984
97983
97968
97960
97953
97950
97943
97909
97898
97882
97865
97862
97858
97848
97844
97829
97823
97822
97821
97816
97815
97813
97775
97773
97757
97756
97755
97755
97753
97740
97738
97726
97723
97718
97711
97699
97687
97660
97650
97643
97633
97615
97613
97607
97588
97568
97561
97560
97555
97547
97544
97543
97538
97534
97506
97505
97493
97480
97461
97456
97425
97423
97417
97416
97414
97378
97362
97361
97358
97347
97341
97336
97335
97315
97311
97291
97270
97263
97263
97260
97257
97255
97238
97220
97213
97207
97198
97174
97165
97163
97158
97155
97151
97124
97119
97095
97091
97069
97055
97049
97043
97021
97005
96999
96999
96991
96983
96982
96970
96951
96950
96947
96941
96926
96899
96897
96854
96808
96785
96782
96757
96748
96744
96737
96736
96736
96735
96732
96727
96726
96720
96720
96715
96702
96699
96697
96695
96689
96686
96675
96668
96658
96654
96639
96612
96601
96592
96585
96581
96578
96570
96567
96551
96515
96510
96475
96470
96469
96461
96455
96449
96437
96430
96424
96398
96387
96386
96364
96358
96357
96335
96327
96326
96317
96308
96298
96294
96287
96285
96283
96264
96262
96244
96236
96236
96219
96208
96203
96197
96194
96193
96191
96187
96183
96182
96180
96156
96143
96137
96108
96104
96090
96084
96069
96068
96044
96042
96036
96019
96007
96005
95999
95999
95983
95975
95972
95969
95966
95964
95936
95902
95876
95871
95860
95857
95843
95836
95827
95805
95774
95743
95729
95722
95710
95705
95680
95671
95655
95651
95645
95632
95615
95613
95611
95600
95592
95588
95584
95576
95553
95537
95530
95508
95505
95487
95485
95474
95461
95457
95424
95381
95380
95376
95374
95358
95357
95349
95346
95321
95302
95299
95296
95292
95284
95282
95279
95272
95266
95209
95192
95184
95177
95175
95169
95162
95147
95132
95122
95107
95106
95105
95075
95066
95060
95060
95025
95009
94999
94983
94964
94916
94906
94887
94877
94871
94859
94858
94856
94854
94840
94839
94804
94799
94791
94790
94787
94775
94772
94755
94753
94747
94739
94725
94699
94687
94680
94665
94663
94656
94642
94640
94622
94616
94595
94572
94555
94550
94549
94546
94546
94541
94538
94520
94470
94468
94438
94434
94432
94431
94424
94422
94420
94411
94397
94386
94370
94363
94348
94338
94328
94320
94312
94300
94295
94291
94288
94274
94253
94246
94243
94233
94213
94200
94186
94181
94181
94171
94167
94165
94156
94144
94115
94112
94109
94100
94095
94068
94055
94054
94048
94043
94039
94033
94020
93989
93974
93938
93925
93891
93890
93885
93880
93870
93866
93862
93856
93850
93838
93820
93793
93781
93773
93750
93745
93728
93727
93715
93712
93708
93704
93699
93693
93685
93677
93666
93658
93657
93654
93647
93624
93597
93595
93581
93566
93546
93518
93515
93515
93512
93494
93475
93473
93470
93466
93453
93437
93433
93433
93425
93424
93421
93408
93398
93394
93355
93348
93333
93321
93320
93316
93315
93308
93300
93297
93284
93269
93266
93259
93235
93225
93221
93220
93217
93217
93193
93188
93187
93180
93164
93147
93125
93122
93113
93083
93069
93068
93061
93059
93041
93033
93020
93013
93004
92994
92975
92974
92972
92957
92949
92947
92940
92937
92918
92916
92904
92883
92881
92839
92826
92813
92806
92798
92795
92762
92748
92745
92741
92740
92731
92726
92694
92687
92672
92648
92631
92603
92593
92586
92569
92568
92553
92553
92539
92538
92526
92515
92508
92497
92484
92480
92470
92457
92455
92450
92446
92401
92397
92382
92374
92373
92358
92334
92327
92327
92318
92312
92302
92286
92276
92276
92266
92261
92240
92234
92215
92209
92205
92205
92202
92186
92177
92176
92174
92162
92160
92160
92159
92144
92134
92107
92106
92100
92099
92098
92094
92080
92078
92077
92056
92050
92050
92045
92035
92030
91998
91992
91980
91973
91966
91942
91939
91936
91932
91931
91896
91890
91887
91885
91883
91880
91876
91873
91865
91864
91846
91829
91824
91823
91820
91814
91799
91794
91779
91769
91763
91756
91738
91706
91704
91692
91684
91651
91644
91640
91636
91629
91613
91602
91579
91573
91568
91534
91533
91519
91516
91507
91487
91473
91473
91456
91454
91427
91403
91399
91374
91367
91363
91363
91338
91334
91331
91330
91329
91309
91309
91293
91290
91271
91257
91241
91238
91231
91219
91218
91212
91205
91205
91182
91179
91123
91110
91106
91098
91074
91062
91048
91048
91043
91021
91021
91018
90972
90967
90962
90962
90958
90958
90951
90949
90945
90945
90944
90932
90930
90927
90922
90922
90915
90911
90909
90906
90899
90894
90888
90875
90873
90849
90848
90836
90830
90822
90803
90798
90796
90792
90788
90781
90776
90771
90758
90730
90725
90722
90717
90702
90689
90661
90660
90650
90645
90640
90632
90623
90608
90587
90582
90582
90574
90565
90554
90548
90544
90542
90537
90508
90507
90503
90497
90495
90484
90482
90482
90475
90459
90455
90455
90453
90441
90434
90408
90387
90380
90364
90359
90354
90347
90332
90319
90263
90256
90250
90250
90247
90241
90232
90208
90184
90177
90169
90158
90155
90146
90142
90140
90121
90119
90117
90107
90064
90052
90039
90012
90008
90003
89991
89976
89961
89957
89935
89935
89903
89903
89893
89889
89887
89885
89851
89847
89846
89839
89828
89822
89808
89805
89789
89760
89725
89722
89703
89696
89690
89686
89668
89665
89662
89662
89660
89653
89652
89639
89605
89596
89595
89587
89582
89570
89558
89556
89545
89545
89544
89526
89525
89489
89482
89470
89470
89459
89458
89458
89451
89445
89441
89437
89427
89398
89393
89392
89380
89377
89364
89354
89353
89349
89343
89328
89296
89250
89244
89238
89222
89206
89203
89199
89193
89180
89159
89150
89139
89132
89120
89114
89086
89080
89077
89069
89068
89067
89039
89032
89032
89024
89016
88996
88983
88975
88968
88953
88952
88943
88935
88927
88922
88916
88915
88912
88910
88910
88909
88909
88895
88884
88866
88839
88835
88825
88823
88815
88800
88752
88737
88737
88722
88719
88706
88698
88677
88660
88657
88655
88625
88613
88595
88586
88586
88583
88569
88557
88529
88509
88501
88496
88493
88482
88481
88463
88463
88460
88455
88446
88409
88404
88401
88395
88389
88385
88369
88365
88361
88357
88350
88291
88282
88276
88269
88260
88253
88235
88212
88204
88199
88196
88186
88179
88175
88171
88163
88157
88138
88136
88128
88124
88120
88112
88109
88098
88070
88063
88046
88030
88010
87989
87976
87961
87951
87935
87930
87929
87920
87900
87881
87866
87828
87826
87823
87811
87808
87797
87759
87757
87740
87717
87717
87699
87688
87682
87675
87670
87649
87647
87639
87627
87625
87622
87618
87604
87602
87601
87590
87554
87553
87539
87536
87532
87528
87510
87499
87484
87483
87474
87473
87460
87455
87435
87418
87418
87402
87396
87379
87377
87361
87354
87307
87303
87299
87278
87264
87237
87231
87222
87205
87188
87177
87173
87168
87167
87154
87154
87135
87129
87126
87123
87121
87096
87082
87080
87061
87050
87041
87023
87021
87017
87013
87007
86977
86972
86965
86962
86950
86941
86931
86920
86918
86911
86908
86894
86880
86870
86864
86838
86832
86821
86819
86797
86788
86786
86776
86775
86721
86688
86664
86663
86659
86657
86643
86638
86632
86630
86630
86615
86612
86594
86577
86571
86553
86540
86536
86533
86518
86492
86477
86473
86442
86431
86416
86414
86408
86408
86402
86357
86348
86319
86317
86304
86292
86278
86267
86246
86231
86228
86191
86154
86143
86126
86119
86111
86092
86066
86061
86059
86058
86049
86040
86021
86016
86000
85987
85987
85970
85968
85966
85954
85936
85935
85925
85922
85921
85904
85896
85892
85892
85887
85886
85879
85865
85865
85859
85850
85824
85808
85787
85766
85709
85682
85666
85666
85659
85653
85647
85634
85624
85606
85604
85594
85584
85583
85577
85549
85546
85538
85536
85529
85504
85493
85492
85491
85462
85440
85420
85418
85411
85401
85401
85388
85382
85379
85378
85360
85356
85353
85341
85327
85323
85308
85302
85301
85296
85293
85266
85264
85244
85233
85227
85226
85226
85221
85202
85192
85178
85176
85168
85158
85157
85155
85140
85135
85131
85110
85098
85096
85079
85051
85041
85034
85008
84977
84972
84970
84970
84967
84959
84942
84937
84935
84915
84900
84894
84893
84888
84886
84886
84866
84866
84852
84843
84840
84837
84834
84827
84825
84817
84805
84766
84764
84755
84751
84740
84724
84705
84669
84651
84636
84634
84634
84622
84622
84622
84615
84589
84564
84564
84561
84559
84554
84550
84547
84541
84536
84528
84518
84515
84511
84502
84485
84468
84465
84454
84440
84439
84424
84423
84416
84405
84397
84396
84386
84367
84366
84356
84342
84336
84316
84303
84302
84294
84290
84274
84267
84266
84254
84236
84233
84226
84222
84222
84221
84220
84212
84203
84200
84198
84194
84135
84134
84134
84131
84131
84131
84085
84084
84084
84076
84069
84058
84048
84020
84015
83974
83972
83964
83935
83929
83923
83911
83901
83871
83865
83846
83846
83839
83838
83829
83811
83810
83785
83781
83771
83742
83739
83728
83727
83725
83715
83686
83684
83680
83673
83662
83660
83659
83656
83633
83630
83622
83590
83586
83580
83563
83560
83554
83551
83550
83535
83532
83531
83514
83508
83507
83503
83494
83477
83464
83447
83432
83427
83421
83408
83407
83401
83356
83343
83340
83319
83313
83305
83301
83287
83285
83282
83273
83266
83249
83244
83239
83213
83199
83197
83186
83175
83173
83144
83135
83126
83116
83110
83092
83054
83050
83041
83039
83030
83011
83010
83008
83001
82983
82981
82978
82966
82954
82948
82919
82917
82913
82901
82892
82885
82883
82865
82861
82856
82856
82856
82834
82825
82822
82820
82816
82807
82804
82797
82781
82768
82767
82759
82758
82751
82744
82741
82740
82733
82730
82707
82707
82695
82686
82661
82642
82610
82599
82598
82589
82567
82566
82565
82564
82556
82552
82533
82532
82531
82524
82520
82513
82510
82508
82506
82495
82476
82467
82461
82461
82454
82450
82444
82440
82430
82388
82386
82370
82365
82362
82314
82291
82287
82279
82272
82250
82244
82234
82231
82226
82207
82199
82183
82178
82173
82171
82153
82143
82139
82120
82115
82070
82051
82050
82025
82024
82018
82013
82006
81991
81990
81974
81970
81961
81960
81954
81946
81929
81922
81918
81913
81900
81895
81893
81890
81870
81862
81848
81824
81813
81790
81779
81764
81763
81761
81759
81754
81749
81733
81717
81679
81678
81677
81672
81660
81658
81640
81628
81610
81605
81595
81594
81582
81578
81576
81558
81555
81549
81542
81538
81519
81518
81515
81488
81479
81471
81440
81411
81388
81383
81377
81374
81359
81352
81350
81328
81320
81293
81292
81290
81289
81285
81283
81283
81270
81263
81260
81252
81245
81235
81233
81163
81138
81115
81108
81027
81023
81021
81011
80995
80990
80989
80985
80971
80967
80958
80955
80939
80936
80935
80933
80898
80883
80862
80851
80838
80823
80768
80766
80747
80743
80731
80729
80723
80700
80689
80681
80671
80671
80671
80657
80656
80652
80650
80632
80613
80609
80607
80592
80588
80583
80575
80568
80562
80560
80548
80522
80521
80519
80510
80505
80502
80493
80475
80467
80445
80442
80441
80418
80414
80400
80394
80390
80386
80371
80340
80334
80303
80301
80300
80300
80285
80277
80268
80259
80242
80236
80234
80228
80217
80212
80205
80199
80195
80194
80177
80177
80174
80163
80106
80106
80104
80087
80066
80056
80048
80048
80045
80013
80004
79991
79988
79977
79973
79963
79962
79961
79957
79944
79942
79915
79914
79893
79890
79879
79878
79849
79846
79846
79818
79817
79808
79801
79794
79794
79790
79782
79780
79768
79763
79755
79741
79701
79698
79697
79684
79683
79650
79626
79604
79602
79601
79591
79589
79574
79573
79556
79554
79552
79547
79507
79499
79487
79472
79465
79464
79456
79454
79448
79447
79434
79408
79372
79370
79334
79331
79316
79315
79313
79298
79286
79276
79189
79178
79167
79166
79157
79154
79138
79130
79121
79116
79104
79100
79099
79074
79066
79045
79034
79018
79013
79011
79005
79003
78990
78980
78964
78964
78956
78942
78940
78936
78923
78880
78876
78874
78874
78857
78848
78840
78814
78809
78790
78790
78783
78766
78758
78758
78747
78736
78723
78720
78719
78687
78686
78684
78682
78682
78681
78640
78626
78616
78615
78600
78590
78587
78570
78568
78563
78546
78542
78507
78506
78505
78493
78475
78472
78470
78462
78449
78446
78437
78403
78372
78360
78355
78351
78346
78345
78335
78334
78328
78314
78311
78285
78281
78280
78264
78258
78244
78237
78225
78222
78219
78207
78201
78187
78184
78180
78172
78168
78160
78149
78136
78120
78102
78096
78089
78062
78055
78032
78022
78020
78017
78014
78011
78005
77991
77971
77954
77916
77915
77882
77878
77866
77851
77844
77844
77842
77827
77822
77775
77755
77729
77706
77698
77696
77684
77681
77675
77675
77674
77672
77670
77670
77664
77661
77653
77641
77630
77624
77605
77600
77590
77588
77568
77562
77559
77551
77548
77545
77543
77542
77525
77522
77515
77512
77508
77504
77477
77423
77394
77368
77362
77355
77347
77341
77305
77298
77289
77280
77279
77263
77260
77245
77234
77222
77191
77188
77169
77160
77158
77149
77126
77115
77112
77109
77090
77083
77082
77076
77068
77065
77051
77025
77015
77014
76997
76994
76992
76990
76985
76969
76950
76948
76943
76936
76920
76916
76902
76900
76890
76889
76877
76866
76863
76856
76844
76820
76819
76808
76798
76780
76776
76771
76765
76761
76755
76753
76750
76749
76714
76711
76710
76702
76699
76698
76689
76672
76656
76645
76631
76621
76616
76609
76605
76601
76592
76589
76586
76568
76561
76559
76551
76538
76516
76510
76485
76467
76464
76464
76459
76447
76445
76438
76414
76397
76364
76361
76338
76336
76326
76324
76307
76300
76283
76279
76279
76278
76278
76266
76265
76265
76264
76264
76256
76251
76244
76236
76234
76233
76208
76206
76197
76187
76187
76173
76167
76165
76162
76140
76134
76129
76127
76127
76116
76111
76110
76109
76106
76089
76076
76063
76063
76050
76019
75996
75993
75989
75980
75961
75960
75944
75872
75863
75862
75860
75849
75843
75832
75829
75815
75806
75789
75784
75782
75772
75748
75718
75709
75705
75694
75686
75684
75637
75632
75624
75602
75600
75592
75580
75569
75562
75558
75517
75512
75501
75498
75494
75493
75483
75471
75463
75457
75434
75430
75421
75410
75407
75389
75378
75354
75322
75318
75290
75279
75273
75272
75271
75267
75238
75235
75234
75217
75206
75194
75188
75160
75158
75136
75130
75130
75130
75128
75121
75119
75105
75102
75098
75086
75078
75072
75051
75051
75047
75033
75031
75014
75014
74981
74980
74974
74968
74963
74952
74938
74900
74892
74892
74875
74866
74863
74852
74846
74842
74840
74835
74830
74829
74827
74826
74821
74812
74790
74779
74746
74729
74722
74713
74677
74670
74669
74658
74645
74633
74631
74628
74622
74619
74596
74591
74583
74576
74575
74554
74553
74539
74538
74533
74530
74513
74489
74484
74475
74473
74469
74459
74444
74442
74354
74340
74333
74333
74329
74305
74281
74261
74260
74237
74235
74230
74230
74209
74201
74172
74169
74164
74162
74157
74140
74128
74128
74113
74089
74085
74081
74079
74078
74069
74060
74043
74008
74006
74004
74003
73976
73968
73937
73934
73926
73914
73912
73902
73893
73886
73875
73853
73837
73826
73820
73798
73794
73790
73765
73763
73747
73745
73725
73724
73711
73707
73696
73694
73690
73684
73646
73615
73602
73590
73586
73574
73569
73558
73556
73551
73525
73524
73523
73513
73507
73504
73486
73477
73467
73455
73451
73444
73437
73436
73425
73406
73388
73375
73354
73340
73335
73333
73322
73321
73309
73303
73299
73299
73292
73286
73281
73251
73241
73234
73219
73211
73182
73169
73169
73149
73145
73134
73124
73109
73109
73104
73103
73060
73060
73044
73037
73036
73018
73004
72994
72989
72976
72974
72967
72933
72925
72922
72916
72902
72895
72880
72870
72867
72857
72856
72855
72850
72846
72833
72821
72810
72800
72797
72793
72792
72790
72785
72779
72765
72757
72751
72710
72708
72699
72693
72680
72651
72646
72644
72626
72619
72614
72610
72610
72600
72599
72596
72593
72585
72570
72558
72558
72557
72554
72551
72551
72544
72530
72516
72515
72495
72489
72488
72483
72471
72468
72465
72453
72421
72419
72412
72404
72391
72390
72365
72351
72336
72330
72301
72298
72267
72262
72255
72252
72247
72246
72246
72244
72217
72201
72176
72163
72147
72128
72126
72122
72095
72088
72076
72056
72038
72032
72032
72012
71975
71952
71947
71937
71924
71922
71905
71902
71901
71888
71883
71834
71828
71824
71819
71801
71789
71773
71763
71743
71739
71732
71729
71728
71718
71716
71715
71704
71698
71695
71684
71673
71648
71641
71635
71635
71628
71607
71603
71602
71594
71591
71587
71577
71571
71548
71548
71524
71518
71514
71511
71507
71479
71465
71457
71449
71446
71418
71365
71318
71302
71301
71298
71285
71285
71278
71264
71230
71205
71166
71154
71148
71147
71146
71143
71107
71105
71053
71051
71026
71016
71014
70993
70956
70956
70955
70952
70913
70911
70908
70900
70890
70887
70872
70870
70870
70856
70855
70847
70845
70840
70826
70800
70799
70761
70749
70748
70743
70739
70735
70687
70682
70680
70674
70673
70656
70654
70647
70636
70635
70621
70617
70611
70608
70587
70578
70573
70561
70560
70552
70544
70537
70519
70510
70506
70504
70504
70503
70482
70473
70466
70462
70462
70449
70437
70429
70415
70401
70389
70351
70339
70313
70312
70280
70275
70259
70258
70253
70251
70243
70243
70242
70240
70232
70220
70212
70202
70199
70199
70187
70162
70158
70156
70142
70136
70133
70125
70081
70062
70051
70045
70038
70032
70031
70015
70013
70001
69999
69998
69996
69980
69978
69974
69969
69962
69938
69935
69920
69914
69853
69850
69843
69840
69818
69812
69810
69800
69799
69799
69786
69778
69760
69757
69756
69731
69716
69714
69713
69692
69691
69685
69681
69667
69644
69635
69626
69620
69599
69595
69592
69592
69586
69583
69581
69574
69563
69562
69556
69552
69528
69519
69511
69508
69503
69491
69482
69446
69433
69433
69432
69423
69417
69416
69402
69401
69401
69396
69391
69386
69383
69381
69346
69338
69330
69299
69278
69261
69257
69245
69231
69222
69216
69210
69204
69203
69176
69150
69144
69142
69111
69109
69104
69085
69068
69066
69049
69047
69040
69032
69031
69016
69016
69014
69012
69004
68992
68984
68962
68920
68916
68915
68878
68875
68858
68854
68851
68841
68833
68831
68826
68789
68782
68770
68768
68760
68747
68730
68710
68691
68684
68678
68665
68646
68643
68623
68600
68589
68587
68582
68580
68576
68576
68571
68554
68533
68531
68520
68512
68504
68484
68475
68468
68466
68461
68458
68440
68427
68416
68406
68402
68388
68372
68344
68322
68310
68296
68294
68288
68286
68280
68272
68226
68225
68223
68219
68212
68183
68156
68140
68133
68126
68121
68114
68070
68068
68062
68054
68053
68052
68023
68022
67957
67956
67948
67944
67911
67907
67877
67874
67865
67845
67842
67838
67824
67808
67805
67761
67750
67749
67747
67742
67736
67734
67728
67725
67724
67718
67711
67688
67677
67676
67658
67648
67643
67602
67598
67597
67593
67581
67579
67560
67537
67537
67528
67527
67520
67517
67508
67507
67497
67448
67448
67445
67433
67429
67417
67408
67404
67393
67380
67376
67370
67343
67342
67339
67328
67316
67314
67310
67299
67295
67281
67252
67240
67235
67222
67201
67189
67184
67175
67154
67150
67142
67134
67131
67122
67121
67117
67117
67103
67082
67077
67060
67045
67043
67028
67022
66994
66973
66959
66930
66922
66922
66920
66912
66909
66891
66887
66880
66840
66832
66828
66823
66814
66808
66799
66792
66791
66783
66779
66767
66766
66758
66748
66729
66725
66723
66719
66712
66708
66706
66705
66688
66687
66684
66681
66674
66674
66671
66644
66642
66634
66633
66633
66632
66631
66615
66604
66603
66599
66586
66584
66584
66547
66547
66538
66533
66520
66519
66517
66505
66497
66492
66484
66473
66471
66464
66435
66428
66428
66421
66409
66404
66402
66392
66391
66389
66379
66361
66341
66339
66293
66290
66257
66221
66215
66205
66179
66158
66140
66136
66118
66112
66101
66090
66075
66071
66062
66062
66057
66040
66018
66004
65956
65956
65952
65933
65933
65932
65929
65918
65910
65878
65855
65835
65826
65812
65808
65807
65803
65800
65776
65776
65772
65745
65743
65738
65738
65734
65722
65717
65711
65709
65705
65703
65697
65685
65671
65668
65607
65597
65596
65594
65584
65579
65575
65541
65525
65512
65502
65493
65465
65463
65462
65449
65413
65378
65350
65338
65333
65322
65305
65300
65287
65285
65278
65245
65245
65226
65222
65218
65210
65207
65199
65196
65162
65140
65134
65122
65115
65100
65082
65072
65057
65047
65046
65010
65007
65004
65003
64986
64985
64983
64946
64945
64940
64938
64935
64919
64909
64909
64908
64899
64899
64882
64878
64855
64842
64839
64835
64821
64812
64793
64790
64776
64754
64741
64733
64722
64720
64718
64711
64701
64698
64681
64679
64665
64640
64640
64616
64615
64571
64569
64555
64544
64517
64505
64502
64491
64487
64484
64472
64466
64466
64435
64396
64382
64377
64368
64365
64360
64360
64357
64351
64350
64335
64332
64315
64306
64305
64294
64290
64268
64265
64262
64250
64240
64233
64227
64218
64216
64216
64204
64196
64195
64156
64148
64119
64113
64107
64101
64101
64089
64070
64066
64052
64040
64034
64023
64014
63988
63976
63975
63971
63966
63964
63958
63950
63944
63938
63934
63931
63923
63917
63914
63902
63889
63889
63887
63884
63867
63866
63862
63839
63832
63829
63815
63782
63778
63777
63775
63771
63767
63758
63757
63696
63695
63688
63686
63685
63662
63640
63640
63635
63622
63614
63572
63565
63554
63546
63544
63542
63539
63516
63508
63501
63499
63476
63471
63462
63456
63450
63445
63404
63401
63388
63378
63377
63371
63362
63356
63343
63342
63342
63342
63340
63324
63321
63315
63313
63310
63309
63299
63295
63284
63258
63258
63249
63224
63221
63206
63174
63157
63157
63156
63152
63138
63136
63134
63133
63127
63126
63119
63100
63093
63078
63078
63076
63071
63065
63059
63040
63037
63020
62986
62978
62975
62961
62959
62954
62954
62946
62938
62935
62918
62908
62902
62888
62874
62873
62871
62861
62844
62840
62836
62813
62795
62779
62760
62758
62749
62748
62743
62741
62729
62704
62701
62698
62693
62692
62688
62680
62666
62664
62664
62663
62659
62652
62620
62618
62616
62603
62593
62573
62571
62562
62547
62541
62541
62521
62514
62512
62493
62492
62491
62483
62472
62469
62464
62448
62419
62407
62389
62382
62374
62371
62370
62365
62350
62273
62265
62257
62248
62245
62241
62233
62216
62202
62191
62190
62183
62178
62153
62148
62130
62126
62121
62120
62113
62112
62088
62085
62062
62057
62032
62031
62030
62022
61994
61989
61952
61932
61930
61925
61923
61902
61895
61887
61870
61839
61836
61829
61817
61812
61800
61794
61779
61775
61771
61768
61749
61748
61748
61744
61737
61731
61727
61718
61718
61715
61686
61679
61679
61670
61659
61651
61646
61643
61622
61621
61590
61585
61578
61578
61569
61549
61549
61548
61540
61532
61530
61516
61514
61485
61485
61469
61465
61459
61445
61436
61436
61395
61393
61384
61382
61380
61375
61372
61345
61337
61329
61311
61298
61287
61278
61275
61273
61268
61262
61259
61238
61237
61235
61234
61230
61217
61210
61189
61183
61157
61153
61148
61112
61083
61080
61078
61075
61074
61068
61067
61065
61059
61055
61044
61043
61040
61027
61021
60998
60998
60973
60971
60970
60956
60953
60946
60933
60884
60881
60869
60869
60869
60864
60854
60842
60841
60835
60835
60834
60821
60811
60795
60789
60782
60780
60760
60743
60742
60738
60733
60730
60677
60676
60674
60672
60672
60671
60670
60667
60667
60645
60623
60618
60600
60599
60599
60581
60573
60531
60525
60524
60492
60490
60486
60482
60475
60466
60466
60465
60459
60440
60439
60436
60429
60403
60402
60382
60380
60378
60357
60344
60340
60335
60335
60310
60296
60278
60276
60237
60231
60225
60220
60208
60200
60168
60145
60145
60116
60114
60108
60096
60093
60084
60081
60057
60056
60051
60047
60040
60034
60031
60017
60014
60013
60012
60011
60005
59996
59993
59991
59940
59916
59915
59912
59898
59873
59846
59841
59818
59813
59812
59789
59783
59773
59756
59755
59736
59726
59709
59706
59698
59691
59689
59687
59684
59675
59664
59660
59645
59634
59633
59633
59613
59606
59604
59570
59557
59554
59547
59540
59537
59529
59525
59522
59522
59521
59517
59510
59492
59489
59486
59476
59476
59475
59471
59466
59451
59445
59436
59423
59391
59376
59364
59354
59349
59347
59339
59322
59317
59312
59300
59299
59252
59246
59228
59227
59214
59212
59204
59192
59189
59179
59174
59162
59137
59135
59101
59097
59096
59089
59040
59039
59039
59037
59037
59007
58976
58964
58948
58939
58921
58916
58914
58909
58881
58844
58836
58823
58816
58808
58804
58799
58789
58780
58776
58757
58749
58747
58744
58703
58702
58702
58701
58697
58697
58687
58685
58679
58670
58667
58664
58660
58650
58638
58637
58620
58613
58597
58578
58570
58569
58559
58557
58556
58545
58521
58519
58503
58502
58491
58488
58456
58448
58432
58430
58425
58409
58388
58379
58377
58346
58315
58300
58284
58277
58274
58249
58231
58223
58220
58199
58195
58188
58164
58159
58154
58154
58151
58130
58121
58108
58108
58104
58098
58090
58084
58083
58070
58061
58053
58050
58032
58030
58029
58002
58002
57999
57987
57956
57956
57956
57955
57954
57941
57928
57924
57910
57899
57898
57897
57883
57860
57853
57848
57843
57836
57825
57816
57816
57809
57800
57793
57776
57775
57767
57751
57729
57728
57722
57714
57696
57696
57679
57675
57665
57656
57641
57615
57603
57593
57574
57569
57553
57546
57544
57522
57515
57509
57503
57499
57496
57495
57486
57477
57458
57457
57450
57449
57445
57441
57438
57415
57402
57391
57385
57370
57362
57342
57337
57335
57331
57304
57302
57291
57265
57231
57227
57225
57225
57221
57207
57204
57197
57189
57173
57148
57131
57130
57129
57120
57116
57105
57096
57075
57066
57066
57054
57046
57034
57022
57020
57009
56997
56987
56980
56980
56978
56935
56934
56916
56907
56904
56902
56876
56875
56875
56873
56859
56832
56829
56825
56800
56800
56787
56776
56774
56773
56756
56754
56749
56744
56731
56710
56709
56679
56639
56635
56592
56583
56581
56577
56576
56564
56534
56525
56511
56498
56496
56492
56482
56461
56458
56433
56418
56399
56383
56375
56349
56329
56320
56306
56301
56265
56258
56251
56247
56246
56243
56242
56241
56234
56211
56206
56201
56191
56189
56180
56177
56173
56172
56166
56154
56148
56147
56120
56105
56093
56092
56085
56055
56053
56038
56037
56028
56024
56009
55985
55941
55939
55917
55915
55896
55892
55880
55876
55869
55868
55860
55856
55852
55851
55848
55847
55839
55838
55823
55820
55816
55796
55794
55748
55743
55740
55732
55727
55724
55720
55716
55703
55684
55682
55674
55671
55644
55636
55606
55605
55600
55596
55588
55582
55558
55556
55544
55537
55531
55520
55512
55510
55499
55478
55477
55442
55440
55433
55432
55430
55402
55395
55391
55388
55375
55373
55371
55342
55327
55326
55304
55299
55287
55287
55276
55242
55215
55214
55211
55192
55188
55164
55164
55122
55110
55090
55080
55070
55063
55056
55053
55049
55022
54994
54992
54979
54970
54954
54946
54942
54929
54915
54910
54881
54879
54872
54853
54813
54809
54803
54799
54793
54779
54778
54775
54771
54770
54768
54736
54733
54725
54724
54712
54689
54688
54683
54660
54651
54626
54625
54616
54609
54559
54556
54550
54532
54529
54529
54514
54514
54510
54509
54507
54494
54488
54456
54456
54448
54424
54421
54420
54419
54396
54381
54359
54353
54342
54334
54327
54320
54315
54315
54309
54279
54262
54252
54234
54228
54226
54223
54194
54189
54186
54184
54175
54166
54157
54135
54125
54112
54078
54071
54022
54009
54009
54004
53984
53981
53972
53968
53958
53956
53930
53926
53921
53908
53886
53880
53878
53865
53862
53851
53841
53825
53817
53817
53810
53796
53787
53786
53776
53750
53740
53725
53714
53711
53694
53692
53685
53682
53673
53665
53651
53646
53646
53640
53631
53627
53623
53600
53582
53571
53562
53562
53559
53552
53545
53525
53511
53500
53499
53498
53495
53493
53483
53474
53470
53464
53453
53439
53416
53407
53407
53407
53401
53398
53395
53390
53378
53370
53355
53344
53340
53337
53332
53329
53307
53304
53300
53286
53283
53268
53260
53243
53241
53224
53212
53212
53201
53199
53195
53186
53186
53184
53178
53174
53171
53164
53161
53135
53123
53080
53065
53064
53061
53032
53030
53029
53003
52994
52993
52981
52968
52917
52908
52893
52884
52862
52861
52854
52841
52840
52838
52835
52806
52805
52802
52799
52797
52790
52777
52777
52775
52774
52772
52764
52761
52658
52641
52638
52630
52526
52524
52518
52491
52490
52482
52476
52458
52436
52432
52429
52426
52421
52418
52413
52409
52396
52381
52378
52363
52330
52330
52317
52311
52300
52293
52289
52281
52278
52267
52247
52246
52244
52219
52204
52175
52169
52158
52158
52151
52127
52114
52114
52103
52095
52093
52085
52066
52058
52046
52042
52039
52039
52018
52017
51997
51995
51986
51985
51975
51975
51956
51945
51914
51908
51897
51892
51889
51876
51874
51862
51860
51839
51830
51814
51813
51798
51782
51735
51729
51729
51704
51703
51697
51668
51666
51665
51648
51636
51603
51592
51590
51585
51574
51572
51569
51538
51524
51522
51521
51503
51489
51479
51452
51434
51432
51427
51419
51412
51412
51394
51391
51386
51383
51383
51374
51373
51369
51369
51368
51346
51340
51317
51313
51312
51303
51301
51298
51297
51296
51293
51292
51290
51287
51278
51274
51264
51257
51240
51234
51230
51217
51210
51200
51188
51180
51161
51148
51143
51142
51124
51080
51063
51061
51061
51059
51053
51034
51030
51024
50979
50970
50966
50962
50949
50939
50929
50901
50877
50866
50860
50855
50854
50851
50815
50792
50791
50790
50756
50747
50747
50744
50742
50728
50699
50697
50691
50686
50681
50680
50671
50656
50653
50641
50636
50635
50631
50618
50617
50616
50605
50602
50596
50572
50557
50556
50517
50515
50511
50495
50493
50492
50490
50469
50468
50462
50445
50406
50392
50387
50383
50383
50382
50358
50356
50352
50333
50326
50324
50311
50307
50307
50302
50302
50284
50283
50280
50248
50242
50239
50214
50177
50177
50164
50161
50155
50127
50110
50088
50076
50072
50030
50024
50018
50004
49992
49981
49974
49970
49967
49942
49933
49926
49910
49908
49902
49896
49893
49890
49889
49886
49880
49876
49874
49869
49865
49855
49819
49817
49787
49786
49754
49752
49742
49738
49732
49725
49718
49717
49714
49701
49699
49682
49679
49676
49648
49644
49634
49616
49604
49597
49577
49554
49547
49545
49530
49529
49522
49521
49514
49512
49511
49499
49493
49490
49489
49474
49462
49460
49456
49449
49432
49425
49425
49421
49415
49415
49408
49401
49400
49398
49389
49367
49360
49346
49343
49338
49335
49334
49330
49320
49316
49300
49297
49297
49296
49292
49279
49276
49272
49268
49268
49259
49257
49245
49240
49227
49223
49221
49183
49182
49176
49173
49166
49163
49158
49155
49141
49137
49136
49094
49071
49062
49048
49038
49035
49031
49030
49017
48992
48986
48975
48964
48934
48924
48914
48911
48899
48896
48892
48890
48883
48882
48877
48862
48830
48815
48812
48777
48774
48769
48766
48756
48755
48731
48729
48726
48726
48720
48707
48693
48673
48668
48667
48640
48627
48598
48587
48578
48564
48548
48548
48526
48519
48510
48491
48485
48476
48469
48468
48433
48433
48432
48389
48380
48362
48338
48335
48328
48300
48289
48280
48251
48241
48229
48225
48213
48183
48183
48180
48173
48165
48159
48148
48136
48132
48132
48119
48108
48107
48105
48103
48083
48082
48073
48056
48055
48051
48037
48033
48029
48029
48019
48019
48018
48017
48014
48012
48000
47986
47978
47976
47956
47952
47934
47924
47910
47906
47899
47896
47885
47865
47849
47840
47823
47818
47798
47783
47772
47760
47737
47735
47725
47723
47700
47682
47636
47622
47620
47606
47603
47583
47559
47553
47546
47540
47538
47537
47531
47524
47478
47457
47442
47425
47424
47418
47418
47414
47400
47399
47391
47388
47384
47365
47348
47329
47314
47309
47294
47278
47225
47224
47216
47207
47205
47204
47200
47199
47196
47195
47192
47191
47187
47185
47174
47171
47168
47168
47159
47155
47153
47150
47148
47147
47120
47115
47108
47103
47080
47079
47072
47068
47051
47044
47032
47026
47024
47010
47001
46997
46992
46984
46982
46979
46970
46962
46961
46936
46936
46926
46923
46919
46894
46890
46889
46883
46882
46871
46861
46850
46843
46839
46835
46831
46830
46799
46798
46796
46794
46789
46787
46772
46771
46766
46728
46723
46694
46689
46689
46666
46664
46660
46650
46648
46639
46638
46634
46632
46626
46616
46614
46612
46610
46608
46600
46591
46587
46579
46547
46546
46545
46534
46531
46523
46499
46481
46444
46426
46425
46410
46407
46389
46385
46380
46375
46370
46369
46350
46334
46328
46308
46302
46285
46264
46259
46256
46249
46248
46240
46233
46230
46228
46224
46219
46218
46216
46198
46171
46161
46153
46147
46146
46119
46100
46087
46085
46081
46077
46075
46068
46063
46060
46059
46052
46034
46028
46021
46009
46008
46002
46001
45994
45986
45984
45981
45973
45959
45947
45942
45938
45937
45930
45910
45905
45903
45895
45880
45879
45868
45862
45850
45835
45834
45810
45809
45807
45787
45778
45770
45763
45752
45738
45732
45728
45720
45717
45714
45713
45695
45674
45669
45666
45649
45639
45629
45611
45607
45606
45597
45593
45587
45580
45564
45562
45562
45560
45540
45527
45524
45521
45510
45500
45498
45494
45489
45481
45470
45467
45463
45461
45451
45423
45422
45419
45411
45403
45400
45396
45392
45380
45359
45349
45338
45325
45322
45307
45293
45271
45270
45240
45232
45225
45222
45218
45215
45213
45210
45207
45193
45189
45180
45178
45177
45168
45149
45147
45131
45117
45108
45107
45095
45085
45074
45057
45047
45036
45006
45006
44992
44981
44981
44968
44965
44957
44955
44952
44949
44949
44942
44901
44866
44848
44841
44817
44812
44786
44786
44784
44782
44737
44734
44702
44689
44681
44643
44641
44633
44619
44611
44609
44606
44605
44600
44579
44579
44567
44548
44546
44543
44543
44510
44510
44492
44444
44440
44431
44429
44425
44424
44412
44408
44378
44368
44362
44360
44340
44340
44320
44317
44315
44314
44289
44288
44284
44233
44231
44206
44198
44196
44188
44187
44161
44156
44152
44147
44140
44126
44125
44122
44114
44114
44112
44099
44070
44059
44049
44048
44045
44041
44041
44032
44018
44017
44015
43988
43973
43968
43965
43964
43928
43923
43890
43883
43850
43846
43844
43831
43827
43815
43808
43808
43791
43777
43758
43750
43747
43737
43731
43723
43713
43708
43697
43680
43674
43672
43672
43667
43664
43660
43654
43650
43638
43635
43633
43628
43628
43619
43613
43604
43600
43592
43566
43564
43559
43524
43522
43514
43511
43510
43482
43462
43448
43432
43426
43416
43399
43392
43391
43390
43385
43380
43374
43364
43358
43321
43313
43313
43310
43281
43251
43242
43222
43213
43213
43194
43194
43194
43190
43135
43128
43116
43115
43097
43095
43091
43082
43071
43067
43059
43047
43030
43029
43013
42963
42951
42943
42942
42923
42908
42904
42892
42882
42872
42872
42872
42839
42824
42819
42817
42815
42810
42804
42789
42784
42782
42768
42762
42754
42741
42720
42701
42682
42676
42672
42659
42613
42613
42599
42592
42588
42581
42577
42571
42563
42555
42538
42537
42513
42512
42503
42498
42497
42490
42490
42477
42466
42438
42431
42412
42407
42393
42391
42391
42367
42350
42348
42341
42305
42305
42299
42282
42278
42275
42274
42256
42239
42231
42207
42184
42176
42138
42137
42129
42124
42115
42107
42106
42093
42093
42085
42080
42068
42060
42059
42046
42033
42026
42017
42012
42007
41970
41953
41946
41941
41934
41929
41922
41920
41910
41907
41893
41890
41881
41876
41872
41868
41856
41852
41851
41838
41795
41792
41791
41789
41785
41772
41772
41756
41749
41748
41737
41719
41717
41701
41678
41678
41671
41662
41660
41626
41618
41615
41615
41613
41598
41580
41572
41571
41566
41566
41565
41563
41550
41532
41526
41517
41494
41486
41475
41470
41469
41469
41464
41463
41454
41452
41445
41440
41437
41435
41422
41418
41402
41362
41359
41358
41351
41350
41340
41334
41327
41313
41298
41286
41275
41264
41262
41222
41217
41208
41193
41193
41180
41166
41150
41146
41130
41127
41117
41114
41109
41097
41095
41075
41064
41058
41008
41005
40998
40977
40966
40965
40963
40960
40948
40936
40933
40928
40910
40894
40887
40873
40871
40862
40861
40845
40832
40830
40805
40804
40794
40768
40768
40763
40762
40753
40746
40745
40745
40743
40739
40719
40704
40702
40701
40694
40668
40653
40652
40647
40626
40613
40593
40583
40576
40576
40572
40558
40554
40543
40535
40526
40521
40485
40478
40428
40423
40391
40391
40391
40361
40350
40349
40345
40323
40307
40284
40265
40256
40236
40233
40227
40225
40224
40222
40220
40215
40198
40198
40173
40168
40145
40142
40135
40121
40093
40090
40087
40078
40067
40059
40055
40011
40009
39947
39942
39933
39931
39930
39911
39908
39896
39889
39876
39875
39870
39853
39844
39841
39805
39795
39784
39771
39755
39752
39720
39703
39695
39693
39687
39687
39682
39679
39664
39655
39651
39650
39650
39639
39607
39596
39586
39581
39575
39574
39574
39541
39526
39523
39521
39515
39508
39506
39502
39476
39471
39465
39458
39457
39456
39444
39442
39437
39427
39409
39373
39368
39332
39309
39307
39302
39294
39291
39280
39255
39245
39240
39235
39227
39225
39224
39220
39219
39204
39201
39162
39154
39125
39124
39115
39110
39108
39096
39093
39092
39089
39080
39077
39070
39068
39067
39066
39048
39046
39043
39027
39013
39011
38996
38993
38989
38958
38942
38925
38906
38904
38894
38878
38869
38865
38860
38855
38848
38843
38837
38833
38821
38814
38795
38774
38742
38732
38728
38716
38710
38674
38673
38668
38647
38640
38637
38622
38618
38611
38606
38561
38537
38525
38512
38511
38507
38483
38470
38460
38424
38423
38376
38375
38371
38319
38310
38307
38291
38290
38283
38282
38241
38238
38227
38214
38213
38211
38198
38196
38179
38161
38143
38134
38132
38122
38115
38111
38104
38099
38098
38083
38076
38058
38050
38038
38024
38017
38012
38007
37970
37961
37957
37931
37930
37928
37925
37914
37906
37906
37903
37898
37888
37882
37878
37870
37860
37859
37823
37811
37808
37803
37797
37796
37795
37784
37760
37754
37751
37748
37719
37717
37698
37695
37684
37681
37661
37649
37648
37648
37644
37643
37641
37638
37624
37623
37614
37605
37604
37569
37567
37563
37556
37548
37542
37536
37518
37513
37503
37493
37470
37465
37462
37412
37410
37396
37393
37392
37388
37369
37365
37336
37328
37318
37280
37260
37256
37255
37242
37215
37201
37188
37170
37161
37130
37122
37118
37115
37101
37072
37048
37045
37030
37029
37023
37011
37005
36986
36982
36979
36964
36960
36960
36941
36934
36900
36897
36895
36882
36860
36850
36847
36842
36840
36839
36834
36816
36788
36782
36756
36752
36744
36717
36701
36695
36686
36685
36676
36663
36628
36614
36612
36596
36595
36584
36582
36569
36567
36567
36563
36551
36546
36545
36542
36538
36538
36533
36518
36487
36478
36472
36472
36472
36469
36458
36455
36454
36454
36442
36438
36435
36421
36405
36391
36391
36388
36385
36376
36361
36324
36316
36310
36296
36294
36288
36288
36252
36225
36223
36206
36182
36181
36142
36121
36109
36108
36103
36082
36062
36049
36048
35963
35953
35940
35939
35927
35900
35898
35879
35874
35852
35839
35822
35819
35768
35763
35738
35707
35672
35672
35665
35659
35645
35642
35623
35609
35595
35590
35581
35573
35571
35569
35567
35562
35561
35541
35527
35526
35518
35516
35514
35502
35489
35485
35485
35483
35479
35479
35470
35467
35420
35405
35402
35399
35388
35373
35373
35370
35352
35352
35317
35300
35286
35283
35273
35267
35267
35262
35256
35242
35232
35228
35207
35188
35188
35186
35164
35159
35155
35142
35120
35113
35105
35090
35074
35056
35055
35040
35039
35038
35037
35026
35012
35005
35004
34964
34956
34940
34940
34930
34927
34921
34915
34914
34904
34887
34876
34866
34851
34822
34815
34797
34777
34775
34767
34763
34757
34751
34739
34724
34723
34720
34715
34709
34705
34703
34701
34696
34686
34678
34677
34634
34614
34586
34585
34581
34568
34529
34498
34483
34481
34472
34456
34454
34448
34442
34438
34435
34431
34418
34411
34408
34400
34378
34376
34374
34355
34353
34327
34326
34319
34301
34300
34299
34298
34282
34274
34270
34249
34248
34244
34240
34240
34232
34232
34226
34219
34207
34205
34205
34200
34174
34168
34167
34155
34145
34120
34115
34086
34071
34066
34046
34038
34027
34002
33996
33957
33942
33925
33920
33919
33913
33902
33901
33867
33866
33862
33838
33834
33809
33785
33785
33761
33753
33751
33751
33723
33719
33714
33713
33711
33707
33706
33696
33693
33691
33671
33651
33629
33592
33588
33581
33581
33557
33551
33528
33520
33512
33509
33505
33500
33499
33489
33469
33456
33450
33449
33423
33415
33414
33411
33402
33386
33364
33332
33323
33318
33311
33308
33308
33306
33302
33300
33286
33268
33267
33250
33249
33238
33231
33227
33223
33194
33184
33169
33166
33163
33161
33148
33142
33135
33132
33121
33120
33103
33091
33088
33083
33082
33065
33054
33038
33031
33022
33010
33007
32997
32983
32978
32972
32972
32967
32951
32950
32949
32938
32938
32932
32908
32895
32878
32863
32846
32834
32810
32800
32780
32762
32758
32749
32746
32731
32727
32724
32709
32677
32655
32654
32632
32628
32622
32620
32576
32550
32535
32535
32497
32455
32448
32443
32440
32431
32411
32396
32386
32371
32367
32359
32354
32343
32324
32319
32313
32308
32298
32281
32274
32265
32264
32253
32245
32216
32208
32188
32173
32155
32152
32148
32125
32110
32084
32083
32081
32076
32065
32053
32050
32041
32039
32027
32022
31983
31965
31953
31949
31948
31947
31944
31936
31923
31918
31906
31903
31891
31888
31874
31863
31844
31838
31814
31813
31807
31803
31783
31768
31765
31763
31744
31740
31722
31711
31706
31697
31674
31657
31626
31621
31615
31608
31595
31586
31576
31553
31544
31543
31538
31522
31514
31493
31491
31479
31455
31449
31414
31400
31394
31387
31377
31375
31338
31329
31321
31319
31318
31304
31299
31293
31293
31293
31281
31275
31274
31265
31243
31231
31219
31208
31200
31199
31195
31194
31187
31186
31179
31162
31162
31161
31139
31136
31136
31133
31114
31095
31080
31077
31073
31073
31058
31028
31024
31018
31010
31001
30998
30992
30985
30984
30966
30957
30943
30942
30930
30929
30928
30914
30899
30893
30883
30877
30873
30859
30851
30846
30843
30841
30839
30833
30828
30818
30804
30794
30791
30771
30742
30734
30727
30723
30718
30715
30714
30711
30699
30695
30664
30659
30656
30654
30628
30622
30617
30606
30598
30596
30583
30550
30550
30545
30544
30527
30522
30517
30512
30503
30485
30481
30479
30475
30471
30466
30461
30460
30456
30452
30434
30428
30403
30396
30386
30334
30311
30293
30283
30280
30275
30262
30258
30258
30251
30251
30250
30241
30237
30220
30219
30213
30210
30205
30172
30145
30132
30104
30101
30093
30090
30083
30076
30069
30048
30038
30018
30001
29998
29996
29965
29965
29961
29955
29951
29947
29894
29874
29826
29825
29812
29798
29782
29777
29753
29743
29732
29712
29699
29659
29647
29641
29622
29620
29614
29604
29601
29591
29562
29546
29523
29510
29505
29505
29504
29488
29487
29478
29476
29472
29465
29457
29450
29445
29437
29410
29403
29402
29398
29385
29377
29364
29352
29346
29345
29285
29275
29267
29250
29186
29117
29099
29075
29074
29059
29057
29047
29038
29037
29034
29028
29024
28987
28984
28973
28963
28957
28955
28949
28929
28878
28875
28865
28862
28861
28856
28847
28835
28835
28827
28803
28799
28793
28782
28778
28778
28777
28775
28766
28760
28755
28750
28750
28745
28742
28728
28726
28699
28692
28667
28655
28655
28643
28632
28623
28615
28607
28604
28586
28586
28579
28557
28553
28552
28549
28543
28541
28537
28524
28521
28515
28510
28510
28507
28503
28502
28500
28499
28495
28483
28472
28462
28446
28440
28436
28381
28372
28369
28365
28362
28361
28354
28349
28348
28343
28342
28324
28317
28308
28305
28279
28273
28271
28271
28264
28237
28206
28197
28193
28159
28152
28147
28135
28134
28128
28116
28111
28097
28076
28056
28052
28035
28014
28011
28011
28004
27992
27981
27977
27968
27944
27935
27932
27908
27904
27866
27866
27859
27857
27844
27816
27813
27807
27805
27789
27784
27773
27769
27763
27762
27757
27751
27749
27715
27705
27700
27692
27673
27672
27666
27654
27645
27641
27635
27613
27598
27594
27593
27564
27557
27540
27535
27513
27507
27506
27506
27504
27502
27475
27467
27465
27448
27440
27428
27416
27410
27408
27369
27362
27362
27359
27355
27347
27343
27333
27331
27303
27292
27286
27282
27277
27274
27268
27261
27248
27245
27228
27211
27210
27198
27198
27187
27183
27179
27167
27158
27152
27142
27140
27140
27128
27100
27097
27054
27052
27049
27040
27037
27021
26971
26960
26952
26929
26927
26925
26920
26917
26911
26885
26884
26880
26868
26858
26854
26843
26835
26834
26825
26801
26797
26787
26785
26737
26736
26731
26710
26686
26681
26679
26665
26663
26661
26656
26646
26638
26629
26624
26618
26614
26609
26590
26587
26564
26561
26529
26525
26523
26517
26514
26511
26507
26503
26496
26479
26478
26474
26466
26455
26452
26442
26433
26414
26382
26366
26357
26350
26338
26323
26322
26307
26293
26252
26243
26240
26235
26222
26211
26205
26200
26200
26194
26189
26179
26177
26154
26147
26136
26113
26096
26088
26084
26072
25999
25996
25951
25951
25925
25913
25861
25844
25825
25822
25814
25804
25803
25774
25774
25773
25772
25767
25763
25759
25757
25753
25746
25744
25742
25735
25732
25726
25698
25684
25680
25672
25668
25645
25643
25612
25605
25599
25597
25577
25577
25569
25566
25563
25552
25542
25519
25479
25460
25451
25449
25418
25404
25390
25383
25375
25369
25364
25335
25333
25329
25313
25299
25286
25280
25260
25255
25248
25236
25234
25219
25219
25213
25210
25205
25200
25192
25184
25168
25166
25151
25146
25142
25134
25128
25117
25099
25099
25092
25091
25074
25055
25046
25044
25029
25015
25009
24992
24971
24964
24958
24951
24948
24947
24930
24861
24833
24826
24803
24788
24786
24778
24766
24759
24757
24743
24742
24737
24729
24725
24722
24718
24694
24694
24693
24691
24671
24666
24658
24656
24649
24648
24648
24644
24637
24634
24632
24631
24619
24614
24612
24607
24606
24603
24579
24573
24560
24529
24529
24526
24518
24517
24501
24482
24470
24469
24448
24441
24433
24419
24418
24368
24359
24327
24323
24321
24287
24273
24273
24262
24256
24248
24210
24208
24202
24189
24180
24173
24161
24122
24118
24105
24100
24095
24064
24063
24055
24044
24026
24025
24015
24015
24005
23991
23987
23974
23951
23940
23939
23928
23923
23913
23894
23892
23886
23883
23883
23871
23868
23851
23851
23842
23823
23806
23801
23787
23770
23755
23753
23738
23703
23685
23685
23682
23674
23669
23669
23665
23636
23634
23630
23625
23623
23617
23590
23580
23577
23548
23542
23529
23524
23516
23504
23502
23497
23480
23461
23459
23452
23416
23392
23384
23379
23371
23366
23363
23355
23352
23344
23303
23272
23270
23266
23261
23254
23243
23216
23213
23197
23184
23163
23162
23159
23138
23137
23126
23113
23111
23100
23097
23096
23077
23072
23064
23050
23045
23029
23025
22990
22944
22942
22939
22916
22900
22881
22880
22879
22846
22838
22822
22778
22777
22776
22766
22730
22728
22717
22696
22693
22674
22660
22660
22612
22598
22597
22597
22579
22576
22568
22564
22563
22541
22530
22526
22523
22521
22515
22497
22480
22454
22449
22443
22441
22415
22410
22410
22399
22398
22384
22380
22370
22347
22347
22346
22345
22333
22332
22323
22314
22311
22302
22282
22252
22246
22241
22240
22234
22230
22221
22220
22195
22194
22163
22163
22161
22156
22143
22139
22122
22111
22080
22071
22061
22047
22029
22028
22024
22012
22004
22002
21991
21990
21982
21974
21953
21951
21921
21915
21911
21909
21875
21865
21857
21846
21830
21807
21797
21791
21789
21776
21775
21769
21754
21752
21698
21695
21661
21660
21654
21646
21644
21639
21633
21622
21606
21605
21603
21596
21587
21571
21570
21565
21549
21544
21524
21497
21484
21473
21453
21453
21453
21452
21449
21449
21444
21443
21437
21436
21422
21392
21389
21386
21383
21374
21370
21351
21347
21347
21344
21332
21311
21310
21305
21303
21296
21296
21292
21280
21273
21271
21270
21265
21254
21253
21246
21244
21243
21235
21228
21227
21223
21220
21202
21174
21152
21145
21144
21115
21106
21104
21102
21092
21091
21087
21075
21073
21069
21058
21052
21045
21015
20997
20991
20979
20979
20970
20969
20962
20957
20953
20936
20934
20915
20905
20887
20886
20884
20883
20852
20851
20841
20820
20798
20775
20772
20761
20749
20746
20745
20740
20727
20705
20705
20703
20693
20680
20677
20675
20675
20658
20652
20635
20630
20630
20626
20622
20604
20595
20583
20574
20554
20536
20513
20504
20500
20487
20463
20444
20416
20401
20396
20352
20339
20329
20324
20323
20318
20306
20297
20275
20275
20262
20261
20257
20256
20251
20188
20173
20169
20168
20158
20151
20144
20142
20139
20138
20105
20098
20097
20092
20083
20070
20067
20025
20012
20011
19999
19997
19985
19985
19985
19979
19973
19972
19936
19927
19894
19873
19866
19860
19852
19851
19837
19835
19807
19801
19797
19786
19783
19782
19781
19778
19769
19760
19755
19753
19745
19729
19698
19695
19694
19691
19683
19673
19666
19658
19647
19640
19632
19611
19607
19588
19576
19570
19570
19553
19552
19551
19548
19541
19541
19519
19513
19512
19504
19496
19486
19471
19471
19468
19464
19463
19458
19440
19434
19413
19408
19375
19365
19361
19357
19354
19348
19341
19328
19320
19305
19291
19288
19285
19254
19245
19243
19241
19235
19229
19228
19227
19224
19222
19216
19201
19189
19184
19175
19167
19159
19140
19107
19105
19097
19096
19095
19086
19081
19073
19063
19053
19049
19048
19048
19036
19036
19028
19024
19020
19019
19017
19015
19012
19011
18991
18962
18961
18959
18942
18934
18919
18912
18910
18890
18859
18853
18844
18837
18835
18829
18827
18826
18804
18790
18771
18767
18762
18760
18752
18749
18734
18730
18722
18715
18700
18698
18679
18672
18666
18666
18629
18626
18618
18606
18588
18586
18585
18569
18554
18537
18534
18516
18497
18465
18449
18446
18445
18444
18441
18432
18430
18425
18410
18407
18405
18395
18390
18390
18374
18366
18360
18357
18340
18316
18313
18289
18280
18269
18268
18231
18229
18226
18213
18181
18172
18168
18168
18157
18155
18149
18148
18126
18121
18118
18099
18094
18091
18086
18061
18048
18018
18017
17972
17968
17948
17931
17925
17924
17922
17917
17916
17916
17902
17879
17870
17850
17848
17836
17833
17829
17826
17820
17820
17810
17799
17798
17784
17781
17777
17769
17769
17752
17750
17738
17735
17734
17723
17720
17705
17705
17690
17690
17689
17684
17677
17657
17654
17652
17648
17648
17627
17620
17620
17601
17594
17590
17590
17580
17570
17550
17535
17529
17527
17511
17503
17500
17497
17472
17470
17463
17462
17458
17433
17424
17412
17407
17404
17394
17393
17373
17372
17370
17359
17347
17337
17336
17314
17312
17309
17301
17289
17273
17269
17266
17264
17244
17224
17206
17204
17202
17153
17152
17140
17129
17128
17095
17076
17054
17044
17015
17013
16995
16987
16984
16971
16961
16956
16953
16937
16936
16933
16906
16888
16870
16866
16843
16832
16805
16800
16798
16791
16744
16743
16733
16727
16726
16719
16718
16710
16708
16697
16688
16680
16647
16638
16637
16634
16621
16620
16618
16616
16615
16613
16613
16581
16579
16577
16554
16553
16514
16496
16464
16463
16459
16459
16441
16439
16421
16414
16410
16409
16409
16406
16401
16390
16384
16381
16380
16371
16370
16346
16338
16329
16321
16317
16300
16281
16265
16223
16220
16211
16191
16182
16177
16176
16174
16161
16154
16154
16149
16148
16146
16137
16123
16108
16094
16083
16076
16073
16065
16051
16039
16035
15995
15992
15980
15979
15972
15936
15930
15919
15912
15910
15902
15890
15872
15868
15868
15852
15851
15838
15801
15785
15768
15758
15756
15749
15744
15737
15735
15726
15725
15724
15708
15701
15695
15686
15679
15665
15663
15661
15642
15635
15619
15613
15611
15609
15604
15600
15597
15591
15583
15573
15567
15529
15503
15479
15455
15426
15406
15396
15394
15388
15377
15371
15364
15359
15351
15346
15328
15317
15285
15270
15258
15256
15248
15245
15240
15224
15222
15206
15203
15196
15193
15191
15180
15165
15163
15141
15132
15118
15103
15088
15082
15075
15069
15048
15032
15014
15004
14994
14991
14978
14971
14967
14967
14962
14947
14937
14934
14927
14911
14900
14900
14886
14870
14861
14857
14841
14836
14832
14830
14818
14818
14817
14816
14810
14784
14776
14758
14755
14745
14741
14723
14721
14711
14696
14691
14688
14683
14681
14678
14671
14666
14644
14637
14634
14632
14595
14589
14562
14557
14556
14545
14536
14529
14519
14506
14488
14487
14478
14472
14460
14458
14451
14428
14418
14416
14406
14395
14383
14378
14375
14375
14368
14367
14366
14363
14350
14340
14327
14313
14311
14311
14302
14293
14277
14267
14259
14254
14250
14236
14218
14208
14204
14203
14198
14193
14182
14175
14174
14166
14146
14139
14125
14124
14124
14115
14089
14088
14075
14068
14028
14024
14020
14005
14001
13983
13982
13975
13971
13967
13957
13938
13935
13934
13897
13895
13886
13879
13877
13876
13856
13855
13852
13850
13837
13832
13832
13832
13818
13808
13801
13798
13791
13787
13781
13776
13767
13764
13760
13759
13741
13729
13717
13709
13706
13698
13695
13690
13689
13687
13683
13673
13669
13661
13651
13651
13629
13626
13619
13618
13600
13594
13594
13585
13569
13560
13558
13543
13527
13522
13512
13497
13481
13469
13462
13447
13430
13413
13404
13393
13376
13364
13345
13332
13326
13323
13308
13299
13298
13286
13255
13239
13233
13229
13228
13225
13210
13196
13180
13167
13165
13162
13156
13154
13150
13149
13134
13132
13120
13102
13101
13090
13088
13079
13078
13075
13061
13060
13057
13055
13052
13035
13034
13032
13029
13023
13021
13006
12999
12952
12952
12943
12915
12873
12872
12872
12862
12858
12852
12849
12842
12840
12840
12839
12824
12816
12806
12801
12794
12786
12785
12780
12776
12771
12763
12743
12738
12723
12717
12697
12695
12686
12676
12670
12667
12658
12654
12641
12637
12622
12609
12604
12593
12572
12545
12538
12506
12502
12496
12484
12477
12476
12456
12453
12448
12434
12433
12431
12427
12401
12387
12383
12374
12346
12341
12333
12307
12289
12282
12259
12258
12256
12252
12235
12234
12224
12207
12205
12195
12104
12102
12083
12073
12069
12060
12059
12058
12053
12052
12043
12033
12033
12010
12003
11991
11990
11983
11980
11978
11967
11950
11949
11940
11922
11899
11869
11844
11834
11834
11833
11829
11757
11754
11705
11699
11682
11676
11675
11669
11665
11628
11618
11601
11586
11570
11565
11561
11560
11539
11508
11507
11503
11498
11489
11488
11465
11450
11425
11416
11412
11404
11393
11390
11387
11380
11366
11360
11353
11327
11323
11300
11292
11284
11266
11256
11248
11247
11246
11240
11235
11231
11216
11210
11204
11184
11180
11180
11166
11165
11133
11107
11107
11092
11091
11074
11052
11051
11047
11036
11028
11014
11003
10976
10964
10956
10955
10953
10947
10941
10927
10900
10871
10860
10855
10855
10853
10830
10821
10807
10807
10803
10796
10791
10786
10766
10753
10752
10750
10742
10739
10735
10724
10719
10716
10714
10710
10707
10702
10696
10683
10673
10670
10665
10653
10637
10631
10628
10615
10596
10589
10588
10587
10586
10577
10569
10546
10544
10537
10521
10519
10516
10513
10481
10461
10440
10410
10403
10400
10393
10388
10377
10376
10373
10373
10354
10339
10321
10318
10311
10311
10306
10297
10279
10271
10265
10257
10250
10245
10244
10239
10222
10214
10213
10211
10200
10199
10178
10164
10163
10157
10153
10145
10110
10105
10079
10070
10069
10056
10052
10034
10028
10022
10013
9994
9990
9988
9976
9971
9971
9964
9960
9950
9942
9932
9928
9920
9902
9890
9890
9847
9844
9831
9793
9779
9778
9767
9762
9746
9735
9706
9702
9694
9667
9665
9649
9638
9635
9632
9618
9614
9606
9599
9589
9584
9555
9518
9506
9502
9475
9469
9469
9467
9464
9437
9437
9433
9430
9423
9376
9372
9352
9330
9312
9302
9295
9260
9256
9208
9207
9194
9188
9187
9183
9173
9153
9104
9101
9100
9097
9093
9087
9074
9055
9036
9016
9015
9013
8993
8984
8976
8944
8939
8930
8930
8902
8886
8885
8870
8865
8862
8848
8837
8801
8786
8784
8774
8770
8761
8754
8752
8736
8731
8729
8717
8706
8699
8696
8686
8667
8664
8613
8600
8583
8580
8578
8555
8547
8541
8537
8522
8522
8508
8499
8488
8481
8470
8466
8454
8454
8443
8413
8412
8411
8405
8398
8393
8389
8387
8381
8372
8359
8352
8329
8329
8312
8307
8279
8269
8266
8266
8228
8201
8199
8175
8163
8160
8159
8158
8154
8145
8140
8128
8127
8127
8126
8118
8112
8108
8097
8096
8078
8069
8053
8043
8030
8025
8021
8012
8005
7978
7963
7956
7951
7947
7939
7937
7915
7913
7892
7878
7871
7845
7843
7829
7816
7812
7797
7790
7774
7757
7751
7741
7733
7710
7706
7666
7652
7627
7625
7624
7621
7608
7594
7589
7583
7580
7574
7568
7559
7554
7552
7549
7530
7525
7507
7488
7434
7430
7419
7418
7413
7392
7390
7386
7370
7348
7325
7312
7311
7309
7297
7295
7289
7241
7228
7203
7194
7188
7186
7184
7178
7176
7176
7148
7135
7132
7122
7101
7083
7057
7054
7053
7050
7041
7027
7026
7013
6998
6988
6987
6977
6974
6971
6963
6952
6951
6948
6945
6944
6942
6914
6902
6894
6881
6881
6826
6822
6808
6807
6792
6782
6771
6759
6751
6748
6748
6740
6739
6735
6727
6719
6717
6716
6699
6691
6686
6684
6675
6674
6655
6629
6623
6622
6614
6596
6582
6567
6566
6564
6546
6542
6539
6524
6520
6510
6505
6498
6498
6497
6494
6485
6477
6471
6451
6424
6415
6411
6410
6409
6407
6404
6397
6394
6394
6393
6392
6367
6358
6350
6314
6301
6264
6262
6228
6220
6210
6203
6196
6186
6171
6165
6155
6150
6145
6142
6139
6125
6118
6099
6096
6086
6084
6077
6069
6066
6039
6036
6034
6033
6031
6024
6007
5998
5986
5982
5980
5975
5968
5957
5922
5896
5891
5890
5883
5870
5865
5855
5850
5844
5837
5822
5781
5773
5768
5767
5756
5750
5750
5746
5745
5713
5713
5705
5705
5679
5679
5666
5661
5652
5600
5585
5581
5576
5574
5569
5553
5545
5545
5535
5533
5525
5524
5488
5458
5443
5441
5441
5435
5433
5427
5416
5412
5408
5407
5393
5387
5353
5349
5328
5323
5319
5309
5299
5281
5278
5256
5250
5247
5242
5237
5212
5212
5211
5192
5182
5179
5142
5128
5126
5121
5116
5112
5110
5107
5107
5093
5092
5086
5082
5080
5071
5058
5045
5026
5008
5004
4992
4987
4985
4953
4935
4920
4901
4900
4882
4863
4861
4854
4853
4849
4845
4840
4821
4818
4791
4786
4780
4769
4767
4744
4725
4701
4682
4658
4655
4631
4620
4600
4587
4572
4567
4563
4556
4554
4552
4546
4519
4514
4511
4509
4497
4470
4453
4447
4430
4408
4392
4370
4367
4355
4342
4340
4339
4324
4319
4297
4296
4286
4286
4280
4273
4267
4263
4263
4251
4242
4234
4220
4212
4203
4192
4191
4182
4178
4171
4168
4162
4159
4155
4136
4128
4125
4108
4096
4064
4063
4056
4044
4042
4039
4031
4029
4027
4024
4023
4023
4010
3992
3985
3958
3948
3939
3929
3925
3921
3915
3912
3894
3893
3890
3841
3835
3832
3831
3824
3820
3819
3796
3796
3790
3789
3780
3742
3724
3722
3715
3707
3685
3685
3637
3634
3633
3630
3628
3624
3602
3591
3583
3577
3577
3568
3554
3547
3514
3499
3476
3464
3457
3441
3438
3436
3424
3421
3411
3410
3400
3398
3394
3389
3385
3378
3358
3356
3344
3336
3334
3333
3331
3307
3304
3301
3292
3291
3288
3282
3266
3259
3235
3235
3232
3231
3207
3204
3191
3162
3159
3153
3147
3125
3122
3107
3106
3104
3093
3092
3086
3081
3075
3071
3063
3043
3032
3029
3011
3002
2999
2991
2985
2976
2976
2964
2962
2958
2945
2942
2934
2874
2863
2846
2838
2838
2832
2824
2810
2798
2793
2786
2771
2756
2740
2739
2684
2664
2663
2659
2654
2653
2652
2648
2593
2578
2576
2575
2569
2546
2515
2513
2502
2480
2470
2467
2447
2435
2428
2423
2414
2402
2401
2397
2366
2366
2364
2364
2341
2332
2331
2331
2323
2320
2316
2308
2289
2283
2252
2246
2232
2214
2210
2207
2187
2162
2160
2138
2129
2120
2096
2094
2089
2086
2085
2074
2049
2043
2031
2020
2018
2016
2002
1996
1982
1960
1955
1933
1927
1920
1899
1890
1884
1854
1846
1836
1824
1816
1814
1779
1773
1766
1766
1757
1735
1723
1695
1689
1689
1682
1681
1667
1666
1666
1664
1662
1620
1619
1616
1603
1598
1593
1574
1524
1500
1499
1499
1492
1483
1472
1461
1461
1443
1441
1421
1417
1415
1403
1375
1354
1348
1346
1340
1332
1330
1320
1314
1313
1311
1311
1294
1283
1277
1277
1271
1253
1244
1238
1236
1231
1203
1190
1148
1119
1117
1113
1079
1065
1064
1050
1026
1022
1018
989
950
947
947
939
908
901
895
878
860
859
858
853
849
839
801
799
777
771
723
718
695
669
667
654
646
636
629
621
616
614
602
574
572
562
550
515
509
506
494
474
467
466
462
458
443
436
427
422
399
378
367
356
355
328
319
290
284
256
230
213
194
194
185
182
111
100
81
74
68
65
46
